2020/05/10-11:57:22.242310 7f6c5409e700 RocksDB version: 6.8.0
2020/05/10-11:57:22.242339 7f6c5409e700 Git sha rocksdb_build_git_sha:093ff0b2ce463aef10cbe2b7f7a47764d7c7af9c
2020/05/10-11:57:22.242342 7f6c5409e700 Compile date May  9 2020
2020/05/10-11:57:22.242344 7f6c5409e700 DB SUMMARY
2020/05/10-11:57:22.242388 7f6c5409e700 CURRENT file:  CURRENT
2020/05/10-11:57:22.242390 7f6c5409e700 IDENTITY file:  IDENTITY
2020/05/10-11:57:22.242395 7f6c5409e700 MANIFEST file:  MANIFEST-000032 size: 124 Bytes
2020/05/10-11:57:22.242398 7f6c5409e700 SST files in db/db4 dir, Total Num: 1, files: 000004.sst 
2020/05/10-11:57:22.242400 7f6c5409e700 Write Ahead Log file in db/db4: 000033.log size: 0 ; 
2020/05/10-11:57:22.242402 7f6c5409e700                         Options.error_if_exists: 0
2020/05/10-11:57:22.242404 7f6c5409e700                       Options.create_if_missing: 1
2020/05/10-11:57:22.242406 7f6c5409e700                         Options.paranoid_checks: 1
2020/05/10-11:57:22.242407 7f6c5409e700                                     Options.env: 0x7f6c336463c0
2020/05/10-11:57:22.242409 7f6c5409e700                                      Options.fs: Posix File System
2020/05/10-11:57:22.242410 7f6c5409e700                                Options.info_log: 0x7f6c4c31d220
2020/05/10-11:57:22.242412 7f6c5409e700                Options.max_file_opening_threads: 16
2020/05/10-11:57:22.242413 7f6c5409e700                              Options.statistics: (nil)
2020/05/10-11:57:22.242415 7f6c5409e700                               Options.use_fsync: 0
2020/05/10-11:57:22.242426 7f6c5409e700                       Options.max_log_file_size: 0
2020/05/10-11:57:22.242427 7f6c5409e700                  Options.max_manifest_file_size: 1073741824
2020/05/10-11:57:22.242429 7f6c5409e700                   Options.log_file_time_to_roll: 0
2020/05/10-11:57:22.242430 7f6c5409e700                       Options.keep_log_file_num: 1000
2020/05/10-11:57:22.242432 7f6c5409e700                    Options.recycle_log_file_num: 0
2020/05/10-11:57:22.242434 7f6c5409e700                         Options.allow_fallocate: 1
2020/05/10-11:57:22.242435 7f6c5409e700                        Options.allow_mmap_reads: 0
2020/05/10-11:57:22.242437 7f6c5409e700                       Options.allow_mmap_writes: 0
2020/05/10-11:57:22.242438 7f6c5409e700                        Options.use_direct_reads: 0
2020/05/10-11:57:22.242440 7f6c5409e700                        Options.use_direct_io_for_flush_and_compaction: 0
2020/05/10-11:57:22.242441 7f6c5409e700          Options.create_missing_column_families: 0
2020/05/10-11:57:22.242443 7f6c5409e700                              Options.db_log_dir: 
2020/05/10-11:57:22.242444 7f6c5409e700                                 Options.wal_dir: db/db4
2020/05/10-11:57:22.242446 7f6c5409e700                Options.table_cache_numshardbits: 6
2020/05/10-11:57:22.242447 7f6c5409e700                      Options.max_subcompactions: 1
2020/05/10-11:57:22.242449 7f6c5409e700                  Options.max_background_flushes: -1
2020/05/10-11:57:22.242450 7f6c5409e700                         Options.WAL_ttl_seconds: 0
2020/05/10-11:57:22.242452 7f6c5409e700                       Options.WAL_size_limit_MB: 0
2020/05/10-11:57:22.242453 7f6c5409e700                        Options.max_write_batch_group_size_bytes: 1048576
2020/05/10-11:57:22.242462 7f6c5409e700             Options.manifest_preallocation_size: 4194304
2020/05/10-11:57:22.242464 7f6c5409e700                     Options.is_fd_close_on_exec: 1
2020/05/10-11:57:22.242466 7f6c5409e700                   Options.advise_random_on_open: 1
2020/05/10-11:57:22.242467 7f6c5409e700                    Options.db_write_buffer_size: 0
2020/05/10-11:57:22.242469 7f6c5409e700                    Options.write_buffer_manager: 0x7f6c4c31d3a0
2020/05/10-11:57:22.242470 7f6c5409e700         Options.access_hint_on_compaction_start: 1
2020/05/10-11:57:22.242472 7f6c5409e700  Options.new_table_reader_for_compaction_inputs: 0
2020/05/10-11:57:22.242473 7f6c5409e700           Options.random_access_max_buffer_size: 1048576
2020/05/10-11:57:22.242475 7f6c5409e700                      Options.use_adaptive_mutex: 0
2020/05/10-11:57:22.242485 7f6c5409e700                            Options.rate_limiter: (nil)
2020/05/10-11:57:22.242487 7f6c5409e700     Options.sst_file_manager.rate_bytes_per_sec: 0
2020/05/10-11:57:22.242489 7f6c5409e700                       Options.wal_recovery_mode: 2
2020/05/10-11:57:22.242490 7f6c5409e700                  Options.enable_thread_tracking: 0
2020/05/10-11:57:22.242492 7f6c5409e700                  Options.enable_pipelined_write: 0
2020/05/10-11:57:22.242493 7f6c5409e700                  Options.unordered_write: 0
2020/05/10-11:57:22.242495 7f6c5409e700         Options.allow_concurrent_memtable_write: 1
2020/05/10-11:57:22.242496 7f6c5409e700      Options.enable_write_thread_adaptive_yield: 1
2020/05/10-11:57:22.242498 7f6c5409e700             Options.write_thread_max_yield_usec: 100
2020/05/10-11:57:22.242499 7f6c5409e700            Options.write_thread_slow_yield_usec: 3
2020/05/10-11:57:22.242501 7f6c5409e700                               Options.row_cache: None
2020/05/10-11:57:22.242502 7f6c5409e700                              Options.wal_filter: None
2020/05/10-11:57:22.242504 7f6c5409e700             Options.avoid_flush_during_recovery: 0
2020/05/10-11:57:22.242505 7f6c5409e700             Options.allow_ingest_behind: 0
2020/05/10-11:57:22.242507 7f6c5409e700             Options.preserve_deletes: 0
2020/05/10-11:57:22.242508 7f6c5409e700             Options.two_write_queues: 0
2020/05/10-11:57:22.242510 7f6c5409e700             Options.manual_wal_flush: 0
2020/05/10-11:57:22.242511 7f6c5409e700             Options.atomic_flush: 0
2020/05/10-11:57:22.242513 7f6c5409e700             Options.avoid_unnecessary_blocking_io: 0
2020/05/10-11:57:22.242514 7f6c5409e700                 Options.persist_stats_to_disk: 0
2020/05/10-11:57:22.242516 7f6c5409e700                 Options.write_dbid_to_manifest: 0
2020/05/10-11:57:22.242517 7f6c5409e700                 Options.log_readahead_size: 0
2020/05/10-11:57:22.242519 7f6c5409e700                 Options.sst_file_checksum_func: Unknown
2020/05/10-11:57:22.242521 7f6c5409e700             Options.max_background_jobs: 2
2020/05/10-11:57:22.242522 7f6c5409e700             Options.max_background_compactions: -1
2020/05/10-11:57:22.242524 7f6c5409e700             Options.avoid_flush_during_shutdown: 0
2020/05/10-11:57:22.242525 7f6c5409e700           Options.writable_file_max_buffer_size: 1048576
2020/05/10-11:57:22.242527 7f6c5409e700             Options.delayed_write_rate : 16777216
2020/05/10-11:57:22.242528 7f6c5409e700             Options.max_total_wal_size: 0
2020/05/10-11:57:22.242530 7f6c5409e700             Options.delete_obsolete_files_period_micros: 21600000000
2020/05/10-11:57:22.242532 7f6c5409e700                   Options.stats_dump_period_sec: 600
2020/05/10-11:57:22.242533 7f6c5409e700                 Options.stats_persist_period_sec: 600
2020/05/10-11:57:22.242535 7f6c5409e700                 Options.stats_history_buffer_size: 1048576
2020/05/10-11:57:22.242536 7f6c5409e700                          Options.max_open_files: -1
2020/05/10-11:57:22.242538 7f6c5409e700                          Options.bytes_per_sync: 0
2020/05/10-11:57:22.242539 7f6c5409e700                      Options.wal_bytes_per_sync: 0
2020/05/10-11:57:22.242541 7f6c5409e700                   Options.strict_bytes_per_sync: 0
2020/05/10-11:57:22.242542 7f6c5409e700       Options.compaction_readahead_size: 0
2020/05/10-11:57:22.242544 7f6c5409e700 Compression algorithms supported:
2020/05/10-11:57:22.242545 7f6c5409e700 	kZSTDNotFinalCompression supported: 0
2020/05/10-11:57:22.242547 7f6c5409e700 	kZSTD supported: 0
2020/05/10-11:57:22.242549 7f6c5409e700 	kXpressCompression supported: 0
2020/05/10-11:57:22.242551 7f6c5409e700 	kLZ4HCCompression supported: 1
2020/05/10-11:57:22.242552 7f6c5409e700 	kLZ4Compression supported: 1
2020/05/10-11:57:22.242554 7f6c5409e700 	kBZip2Compression supported: 1
2020/05/10-11:57:22.242555 7f6c5409e700 	kZlibCompression supported: 1
2020/05/10-11:57:22.242557 7f6c5409e700 	kSnappyCompression supported: 0
2020/05/10-11:57:22.242565 7f6c5409e700 Fast CRC32 supported: Supported on x86
2020/05/10-11:57:22.242701 7f6c5409e700 [rsion_set.cc:4413] Recovering from manifest file: db/db4/MANIFEST-000032
2020/05/10-11:57:22.242812 7f6c5409e700 [lumn_family.cc:579] --------------- Options for column family [default]:
2020/05/10-11:57:22.242815 7f6c5409e700               Options.comparator: leveldb.BytewiseComparator
2020/05/10-11:57:22.242817 7f6c5409e700           Options.merge_operator: None
2020/05/10-11:57:22.242818 7f6c5409e700        Options.compaction_filter: None
2020/05/10-11:57:22.242820 7f6c5409e700        Options.compaction_filter_factory: None
2020/05/10-11:57:22.242822 7f6c5409e700         Options.memtable_factory: SkipListFactory
2020/05/10-11:57:22.242823 7f6c5409e700            Options.table_factory: BlockBasedTable
2020/05/10-11:57:22.242847 7f6c5409e700            table_factory options:   flush_block_policy_factory: FlushBlockBySizePolicyFactory (0x7f6c4c2a2df0)
  cache_index_and_filter_blocks: 0
  cache_index_and_filter_blocks_with_high_priority: 1
  pin_l0_filter_and_index_blocks_in_cache: 0
  pin_top_level_index_and_filter: 1
  index_type: 0
  data_block_index_type: 0
  index_shortening: 1
  data_block_hash_table_util_ratio: 0.750000
  hash_index_allow_collision: 1
  checksum: 1
  no_block_cache: 0
  block_cache: 0x7f6c4c2a2e40
  block_cache_name: LRUCache
  block_cache_options:
    capacity : 8388608
    num_shard_bits : 4
    strict_capacity_limit : 0
    memory_allocator : None
    high_pri_pool_ratio: 0.000
  block_cache_compressed: (nil)
  persistent_cache: (nil)
  block_size: 4096
  block_size_deviation: 10
  block_restart_interval: 16
  index_block_restart_interval: 1
  metadata_block_size: 4096
  partition_filters: 0
  use_delta_encoding: 1
  filter_policy: nullptr
  whole_key_filtering: 1
  verify_compression: 0
  read_amp_bytes_per_bit: 0
  format_version: 2
  enable_index_compression: 1
  block_align: 0
2020/05/10-11:57:22.242851 7f6c5409e700        Options.write_buffer_size: 67108864
2020/05/10-11:57:22.242852 7f6c5409e700  Options.max_write_buffer_number: 2
2020/05/10-11:57:22.242854 7f6c5409e700          Options.compression: NoCompression
2020/05/10-11:57:22.242856 7f6c5409e700                  Options.bottommost_compression: Disabled
2020/05/10-11:57:22.242857 7f6c5409e700       Options.prefix_extractor: nullptr
2020/05/10-11:57:22.242859 7f6c5409e700   Options.memtable_insert_with_hint_prefix_extractor: nullptr
2020/05/10-11:57:22.242860 7f6c5409e700             Options.num_levels: 7
2020/05/10-11:57:22.242862 7f6c5409e700        Options.min_write_buffer_number_to_merge: 1
2020/05/10-11:57:22.242864 7f6c5409e700     Options.max_write_buffer_number_to_maintain: 0
2020/05/10-11:57:22.242865 7f6c5409e700     Options.max_write_buffer_size_to_maintain: 0
2020/05/10-11:57:22.242867 7f6c5409e700            Options.bottommost_compression_opts.window_bits: -14
2020/05/10-11:57:22.242868 7f6c5409e700                  Options.bottommost_compression_opts.level: 32767
2020/05/10-11:57:22.242870 7f6c5409e700               Options.bottommost_compression_opts.strategy: 0
2020/05/10-11:57:22.242871 7f6c5409e700         Options.bottommost_compression_opts.max_dict_bytes: 0
2020/05/10-11:57:22.242873 7f6c5409e700         Options.bottommost_compression_opts.zstd_max_train_bytes: 0
2020/05/10-11:57:22.242875 7f6c5409e700                  Options.bottommost_compression_opts.enabled: false
2020/05/10-11:57:22.242876 7f6c5409e700            Options.compression_opts.window_bits: -14
2020/05/10-11:57:22.242878 7f6c5409e700                  Options.compression_opts.level: 32767
2020/05/10-11:57:22.242879 7f6c5409e700               Options.compression_opts.strategy: 0
2020/05/10-11:57:22.242881 7f6c5409e700         Options.compression_opts.max_dict_bytes: 0
2020/05/10-11:57:22.242882 7f6c5409e700         Options.compression_opts.zstd_max_train_bytes: 0
2020/05/10-11:57:22.242884 7f6c5409e700                  Options.compression_opts.enabled: false
2020/05/10-11:57:22.242885 7f6c5409e700      Options.level0_file_num_compaction_trigger: 4
2020/05/10-11:57:22.242898 7f6c5409e700          Options.level0_slowdown_writes_trigger: 20
2020/05/10-11:57:22.242899 7f6c5409e700              Options.level0_stop_writes_trigger: 36
2020/05/10-11:57:22.242901 7f6c5409e700                   Options.target_file_size_base: 67108864
2020/05/10-11:57:22.242902 7f6c5409e700             Options.target_file_size_multiplier: 1
2020/05/10-11:57:22.242904 7f6c5409e700                Options.max_bytes_for_level_base: 268435456
2020/05/10-11:57:22.242906 7f6c5409e700 Options.level_compaction_dynamic_level_bytes: 0
2020/05/10-11:57:22.242907 7f6c5409e700          Options.max_bytes_for_level_multiplier: 10.000000
2020/05/10-11:57:22.242910 7f6c5409e700 Options.max_bytes_for_level_multiplier_addtl[0]: 1
2020/05/10-11:57:22.242912 7f6c5409e700 Options.max_bytes_for_level_multiplier_addtl[1]: 1
2020/05/10-11:57:22.242913 7f6c5409e700 Options.max_bytes_for_level_multiplier_addtl[2]: 1
2020/05/10-11:57:22.242915 7f6c5409e700 Options.max_bytes_for_level_multiplier_addtl[3]: 1
2020/05/10-11:57:22.242916 7f6c5409e700 Options.max_bytes_for_level_multiplier_addtl[4]: 1
2020/05/10-11:57:22.242918 7f6c5409e700 Options.max_bytes_for_level_multiplier_addtl[5]: 1
2020/05/10-11:57:22.242919 7f6c5409e700 Options.max_bytes_for_level_multiplier_addtl[6]: 1
2020/05/10-11:57:22.242921 7f6c5409e700       Options.max_sequential_skip_in_iterations: 8
2020/05/10-11:57:22.242922 7f6c5409e700                    Options.max_compaction_bytes: 1677721600
2020/05/10-11:57:22.242924 7f6c5409e700                        Options.arena_block_size: 8388608
2020/05/10-11:57:22.242926 7f6c5409e700   Options.soft_pending_compaction_bytes_limit: 68719476736
2020/05/10-11:57:22.242927 7f6c5409e700   Options.hard_pending_compaction_bytes_limit: 274877906944
2020/05/10-11:57:22.242929 7f6c5409e700       Options.rate_limit_delay_max_milliseconds: 100
2020/05/10-11:57:22.242930 7f6c5409e700                Options.disable_auto_compactions: 0
2020/05/10-11:57:22.242932 7f6c5409e700                        Options.compaction_style: kCompactionStyleLevel
2020/05/10-11:57:22.242934 7f6c5409e700                          Options.compaction_pri: kMinOverlappingRatio
2020/05/10-11:57:22.242936 7f6c5409e700 Options.compaction_options_universal.size_ratio: 1
2020/05/10-11:57:22.242937 7f6c5409e700 Options.compaction_options_universal.min_merge_width: 2
2020/05/10-11:57:22.242939 7f6c5409e700 Options.compaction_options_universal.max_merge_width: 4294967295
2020/05/10-11:57:22.242940 7f6c5409e700 Options.compaction_options_universal.max_size_amplification_percent: 200
2020/05/10-11:57:22.242942 7f6c5409e700 Options.compaction_options_universal.compression_size_percent: -1
2020/05/10-11:57:22.242944 7f6c5409e700 Options.compaction_options_universal.stop_style: kCompactionStopStyleTotalSize
2020/05/10-11:57:22.242946 7f6c5409e700 Options.compaction_options_fifo.max_table_files_size: 1073741824
2020/05/10-11:57:22.242947 7f6c5409e700 Options.compaction_options_fifo.allow_compaction: 0
2020/05/10-11:57:22.242949 7f6c5409e700                   Options.table_properties_collectors: 
2020/05/10-11:57:22.242950 7f6c5409e700                   Options.inplace_update_support: 0
2020/05/10-11:57:22.242952 7f6c5409e700                 Options.inplace_update_num_locks: 10000
2020/05/10-11:57:22.242953 7f6c5409e700               Options.memtable_prefix_bloom_size_ratio: 0.000000
2020/05/10-11:57:22.242955 7f6c5409e700               Options.memtable_whole_key_filtering: 0
2020/05/10-11:57:22.242957 7f6c5409e700   Options.memtable_huge_page_size: 0
2020/05/10-11:57:22.242958 7f6c5409e700                           Options.bloom_locality: 0
2020/05/10-11:57:22.242960 7f6c5409e700                    Options.max_successive_merges: 0
2020/05/10-11:57:22.242961 7f6c5409e700                Options.optimize_filters_for_hits: 0
2020/05/10-11:57:22.242963 7f6c5409e700                Options.paranoid_file_checks: 0
2020/05/10-11:57:22.242965 7f6c5409e700                Options.force_consistency_checks: 0
2020/05/10-11:57:22.242966 7f6c5409e700                Options.report_bg_io_stats: 0
2020/05/10-11:57:22.242973 7f6c5409e700                               Options.ttl: 2592000
2020/05/10-11:57:22.242974 7f6c5409e700          Options.periodic_compaction_seconds: 0
2020/05/10-11:57:22.243558 7f6c5409e700 [rsion_set.cc:4568] Recovered from manifest file:db/db4/MANIFEST-000032 succeeded,manifest_file_number is 32, next_file_number is 34, last_sequence is 35, log_number is 31,prev_log_number is 0,max_column_family is 0,min_log_number_to_keep is 0
2020/05/10-11:57:22.243565 7f6c5409e700 [rsion_set.cc:4577] Column family [default] (ID 0), log number is 31
2020/05/10-11:57:22.243652 7f6c5409e700 EVENT_LOG_v1 {"time_micros": 1589083042243649, "job": 1, "event": "recovery_started", "log_files": [33]}
2020/05/10-11:57:22.243658 7f6c5409e700 [_impl/db_impl_open.cc:761] Recovering log #33 mode 2
2020/05/10-11:57:22.243682 7f6c5409e700 [rsion_set.cc:3826] Creating manifest 35
2020/05/10-11:57:22.260287 7f6c5409e700 EVENT_LOG_v1 {"time_micros": 1589083042260284, "job": 1, "event": "recovery_finished"}
2020/05/10-11:57:22.260414 7f6c5409e700 [DEBUG] [_impl/db_impl_files.cc:273] [JOB 2] Delete db/db4/MANIFEST-000032 type=3 #32 -- OK
2020/05/10-11:57:22.260434 7f6c5409e700 [DEBUG] [_impl/db_impl_files.cc:273] [JOB 2] Delete db/db4/000033.log type=0 #33 -- OK
2020/05/10-11:57:22.271277 7f6c5409e700 DB pointer 0x7f6c4c325200
2020/05/10-11:57:22.271582 7f6ba3fff700 [_impl/db_impl.cc:849] ------- DUMPING STATS -------
2020/05/10-11:57:22.271618 7f6ba3fff700 [_impl/db_impl.cc:850] 
** DB Stats **
Uptime(secs): 0.0 total, 0.0 interval
Cumulative writes: 0 writes, 0 keys, 0 commit groups, 0.0 writes per commit group, ingest: 0.00 GB, 0.00 MB/s
Cumulative WAL: 0 writes, 0 syncs, 0.00 writes per sync, written: 0.00 GB, 0.00 MB/s
Cumulative stall: 00:00:0.000 H:M:S, 0.0 percent
Interval writes: 0 writes, 0 keys, 0 commit groups, 0.0 writes per commit group, ingest: 0.00 MB, 0.00 MB/s
Interval WAL: 0 writes, 0 syncs, 0.00 writes per sync, written: 0.00 MB, 0.00 MB/s
Interval stall: 00:00:0.000 H:M:S, 0.0 percent

** Compaction Stats [default] **
Level    Files   Size     Score Read(GB)  Rn(GB) Rnp1(GB) Write(GB) Wnew(GB) Moved(GB) W-Amp Rd(MB/s) Wr(MB/s) Comp(sec) CompMergeCPU(sec) Comp(cnt) Avg(sec) KeyIn KeyDrop
----------------------------------------------------------------------------------------------------------------------------------------------------------------------------
  L0      1/0   61.66 KB   0.2      0.0     0.0      0.0       0.0      0.0       0.0   0.0      0.0      0.0      0.00              0.00         0    0.000       0      0
 Sum      1/0   61.66 KB   0.0      0.0     0.0      0.0       0.0      0.0       0.0   0.0      0.0      0.0      0.00              0.00         0    0.000       0      0
 Int      0/0    0.00 KB   0.0      0.0     0.0      0.0       0.0      0.0       0.0   0.0      0.0      0.0      0.00              0.00         0    0.000       0      0

** Compaction Stats [default] **
Priority    Files   Size     Score Read(GB)  Rn(GB) Rnp1(GB) Write(GB) Wnew(GB) Moved(GB) W-Amp Rd(MB/s) Wr(MB/s) Comp(sec) CompMergeCPU(sec) Comp(cnt) Avg(sec) KeyIn KeyDrop
-------------------------------------------------------------------------------------------------------------------------------------------------------------------------------
Uptime(secs): 0.0 total, 0.0 interval
Flush(GB): cumulative 0.000, interval 0.000
AddFile(GB): cumulative 0.000, interval 0.000
AddFile(Total Files): cumulative 0, interval 0
AddFile(L0 Files): cumulative 0, interval 0
AddFile(Keys): cumulative 0, interval 0
Cumulative compaction: 0.00 GB write, 0.00 MB/s write, 0.00 GB read, 0.00 MB/s read, 0.0 seconds
Interval compaction: 0.00 GB write, 0.00 MB/s write, 0.00 GB read, 0.00 MB/s read, 0.0 seconds
Stalls(count): 0 level0_slowdown, 0 level0_slowdown_with_compaction, 0 level0_numfiles, 0 level0_numfiles_with_compaction, 0 stop for pending_compaction_bytes, 0 slowdown for pending_compaction_bytes, 0 memtable_compaction, 0 memtable_slowdown, interval 0 total count

** File Read Latency Histogram By Level [default] **

** Compaction Stats [default] **
Level    Files   Size     Score Read(GB)  Rn(GB) Rnp1(GB) Write(GB) Wnew(GB) Moved(GB) W-Amp Rd(MB/s) Wr(MB/s) Comp(sec) CompMergeCPU(sec) Comp(cnt) Avg(sec) KeyIn KeyDrop
----------------------------------------------------------------------------------------------------------------------------------------------------------------------------
  L0      1/0   61.66 KB   0.2      0.0     0.0      0.0       0.0      0.0       0.0   0.0      0.0      0.0      0.00              0.00         0    0.000       0      0
 Sum      1/0   61.66 KB   0.0      0.0     0.0      0.0       0.0      0.0       0.0   0.0      0.0      0.0      0.00              0.00         0    0.000       0      0
 Int      0/0    0.00 KB   0.0      0.0     0.0      0.0       0.0      0.0       0.0   0.0      0.0      0.0      0.00              0.00         0    0.000       0      0

** Compaction Stats [default] **
Priority    Files   Size     Score Read(GB)  Rn(GB) Rnp1(GB) Write(GB) Wnew(GB) Moved(GB) W-Amp Rd(MB/s) Wr(MB/s) Comp(sec) CompMergeCPU(sec) Comp(cnt) Avg(sec) KeyIn KeyDrop
-------------------------------------------------------------------------------------------------------------------------------------------------------------------------------
Uptime(secs): 0.0 total, 0.0 interval
Flush(GB): cumulative 0.000, interval 0.000
AddFile(GB): cumulative 0.000, interval 0.000
AddFile(Total Files): cumulative 0, interval 0
AddFile(L0 Files): cumulative 0, interval 0
AddFile(Keys): cumulative 0, interval 0
Cumulative compaction: 0.00 GB write, 0.00 MB/s write, 0.00 GB read, 0.00 MB/s read, 0.0 seconds
Interval compaction: 0.00 GB write, 0.00 MB/s write, 0.00 GB read, 0.00 MB/s read, 0.0 seconds
Stalls(count): 0 level0_slowdown, 0 level0_slowdown_with_compaction, 0 level0_numfiles, 0 level0_numfiles_with_compaction, 0 stop for pending_compaction_bytes, 0 slowdown for pending_compaction_bytes, 0 memtable_compaction, 0 memtable_slowdown, interval 0 total count

** File Read Latency Histogram By Level [default] **
