2020/05/10-11:57:22.182757 7f6c5409e700 RocksDB version: 6.8.0
2020/05/10-11:57:22.182787 7f6c5409e700 Git sha rocksdb_build_git_sha:093ff0b2ce463aef10cbe2b7f7a47764d7c7af9c
2020/05/10-11:57:22.182790 7f6c5409e700 Compile date May  9 2020
2020/05/10-11:57:22.182792 7f6c5409e700 DB SUMMARY
2020/05/10-11:57:22.182839 7f6c5409e700 CURRENT file:  CURRENT
2020/05/10-11:57:22.182842 7f6c5409e700 IDENTITY file:  IDENTITY
2020/05/10-11:57:22.182846 7f6c5409e700 MANIFEST file:  MANIFEST-000032 size: 127 Bytes
2020/05/10-11:57:22.182849 7f6c5409e700 SST files in db/db2 dir, Total Num: 1, files: 000004.sst 
2020/05/10-11:57:22.182851 7f6c5409e700 Write Ahead Log file in db/db2: 000033.log size: 0 ; 
2020/05/10-11:57:22.182854 7f6c5409e700                         Options.error_if_exists: 0
2020/05/10-11:57:22.182856 7f6c5409e700                       Options.create_if_missing: 1
2020/05/10-11:57:22.182857 7f6c5409e700                         Options.paranoid_checks: 1
2020/05/10-11:57:22.182859 7f6c5409e700                                     Options.env: 0x7f6c336463c0
2020/05/10-11:57:22.182861 7f6c5409e700                                      Options.fs: Posix File System
2020/05/10-11:57:22.182862 7f6c5409e700                                Options.info_log: 0x7f6c4c2b3290
2020/05/10-11:57:22.182864 7f6c5409e700                Options.max_file_opening_threads: 16
2020/05/10-11:57:22.182865 7f6c5409e700                              Options.statistics: (nil)
2020/05/10-11:57:22.182867 7f6c5409e700                               Options.use_fsync: 0
2020/05/10-11:57:22.182869 7f6c5409e700                       Options.max_log_file_size: 0
2020/05/10-11:57:22.182870 7f6c5409e700                  Options.max_manifest_file_size: 1073741824
2020/05/10-11:57:22.182872 7f6c5409e700                   Options.log_file_time_to_roll: 0
2020/05/10-11:57:22.182873 7f6c5409e700                       Options.keep_log_file_num: 1000
2020/05/10-11:57:22.182875 7f6c5409e700                    Options.recycle_log_file_num: 0
2020/05/10-11:57:22.182876 7f6c5409e700                         Options.allow_fallocate: 1
2020/05/10-11:57:22.182878 7f6c5409e700                        Options.allow_mmap_reads: 0
2020/05/10-11:57:22.182879 7f6c5409e700                       Options.allow_mmap_writes: 0
2020/05/10-11:57:22.182881 7f6c5409e700                        Options.use_direct_reads: 0
2020/05/10-11:57:22.182882 7f6c5409e700                        Options.use_direct_io_for_flush_and_compaction: 0
2020/05/10-11:57:22.182884 7f6c5409e700          Options.create_missing_column_families: 0
2020/05/10-11:57:22.182885 7f6c5409e700                              Options.db_log_dir: 
2020/05/10-11:57:22.182887 7f6c5409e700                                 Options.wal_dir: db/db2
2020/05/10-11:57:22.182888 7f6c5409e700                Options.table_cache_numshardbits: 6
2020/05/10-11:57:22.182890 7f6c5409e700                      Options.max_subcompactions: 1
2020/05/10-11:57:22.182891 7f6c5409e700                  Options.max_background_flushes: -1
2020/05/10-11:57:22.182893 7f6c5409e700                         Options.WAL_ttl_seconds: 0
2020/05/10-11:57:22.182894 7f6c5409e700                       Options.WAL_size_limit_MB: 0
2020/05/10-11:57:22.182896 7f6c5409e700                        Options.max_write_batch_group_size_bytes: 1048576
2020/05/10-11:57:22.182897 7f6c5409e700             Options.manifest_preallocation_size: 4194304
2020/05/10-11:57:22.182899 7f6c5409e700                     Options.is_fd_close_on_exec: 1
2020/05/10-11:57:22.182900 7f6c5409e700                   Options.advise_random_on_open: 1
2020/05/10-11:57:22.182902 7f6c5409e700                    Options.db_write_buffer_size: 0
2020/05/10-11:57:22.182903 7f6c5409e700                    Options.write_buffer_manager: 0x7f6c4c2ba680
2020/05/10-11:57:22.182905 7f6c5409e700         Options.access_hint_on_compaction_start: 1
2020/05/10-11:57:22.182906 7f6c5409e700  Options.new_table_reader_for_compaction_inputs: 0
2020/05/10-11:57:22.182908 7f6c5409e700           Options.random_access_max_buffer_size: 1048576
2020/05/10-11:57:22.182910 7f6c5409e700                      Options.use_adaptive_mutex: 0
2020/05/10-11:57:22.182918 7f6c5409e700                            Options.rate_limiter: (nil)
2020/05/10-11:57:22.182920 7f6c5409e700     Options.sst_file_manager.rate_bytes_per_sec: 0
2020/05/10-11:57:22.182922 7f6c5409e700                       Options.wal_recovery_mode: 2
2020/05/10-11:57:22.182923 7f6c5409e700                  Options.enable_thread_tracking: 0
2020/05/10-11:57:22.182925 7f6c5409e700                  Options.enable_pipelined_write: 0
2020/05/10-11:57:22.182926 7f6c5409e700                  Options.unordered_write: 0
2020/05/10-11:57:22.182928 7f6c5409e700         Options.allow_concurrent_memtable_write: 1
2020/05/10-11:57:22.182929 7f6c5409e700      Options.enable_write_thread_adaptive_yield: 1
2020/05/10-11:57:22.182931 7f6c5409e700             Options.write_thread_max_yield_usec: 100
2020/05/10-11:57:22.182933 7f6c5409e700            Options.write_thread_slow_yield_usec: 3
2020/05/10-11:57:22.182934 7f6c5409e700                               Options.row_cache: None
2020/05/10-11:57:22.182936 7f6c5409e700                              Options.wal_filter: None
2020/05/10-11:57:22.182937 7f6c5409e700             Options.avoid_flush_during_recovery: 0
2020/05/10-11:57:22.182939 7f6c5409e700             Options.allow_ingest_behind: 0
2020/05/10-11:57:22.182940 7f6c5409e700             Options.preserve_deletes: 0
2020/05/10-11:57:22.182942 7f6c5409e700             Options.two_write_queues: 0
2020/05/10-11:57:22.182943 7f6c5409e700             Options.manual_wal_flush: 0
2020/05/10-11:57:22.182945 7f6c5409e700             Options.atomic_flush: 0
2020/05/10-11:57:22.182946 7f6c5409e700             Options.avoid_unnecessary_blocking_io: 0
2020/05/10-11:57:22.182948 7f6c5409e700                 Options.persist_stats_to_disk: 0
2020/05/10-11:57:22.182949 7f6c5409e700                 Options.write_dbid_to_manifest: 0
2020/05/10-11:57:22.182951 7f6c5409e700                 Options.log_readahead_size: 0
2020/05/10-11:57:22.182952 7f6c5409e700                 Options.sst_file_checksum_func: Unknown
2020/05/10-11:57:22.182954 7f6c5409e700             Options.max_background_jobs: 2
2020/05/10-11:57:22.182956 7f6c5409e700             Options.max_background_compactions: -1
2020/05/10-11:57:22.182957 7f6c5409e700             Options.avoid_flush_during_shutdown: 0
2020/05/10-11:57:22.182959 7f6c5409e700           Options.writable_file_max_buffer_size: 1048576
2020/05/10-11:57:22.182960 7f6c5409e700             Options.delayed_write_rate : 16777216
2020/05/10-11:57:22.182962 7f6c5409e700             Options.max_total_wal_size: 0
2020/05/10-11:57:22.182963 7f6c5409e700             Options.delete_obsolete_files_period_micros: 21600000000
2020/05/10-11:57:22.182965 7f6c5409e700                   Options.stats_dump_period_sec: 600
2020/05/10-11:57:22.182966 7f6c5409e700                 Options.stats_persist_period_sec: 600
2020/05/10-11:57:22.182968 7f6c5409e700                 Options.stats_history_buffer_size: 1048576
2020/05/10-11:57:22.182970 7f6c5409e700                          Options.max_open_files: -1
2020/05/10-11:57:22.182971 7f6c5409e700                          Options.bytes_per_sync: 0
2020/05/10-11:57:22.182973 7f6c5409e700                      Options.wal_bytes_per_sync: 0
2020/05/10-11:57:22.182974 7f6c5409e700                   Options.strict_bytes_per_sync: 0
2020/05/10-11:57:22.182976 7f6c5409e700       Options.compaction_readahead_size: 0
2020/05/10-11:57:22.182977 7f6c5409e700 Compression algorithms supported:
2020/05/10-11:57:22.182979 7f6c5409e700 	kZSTDNotFinalCompression supported: 0
2020/05/10-11:57:22.182980 7f6c5409e700 	kZSTD supported: 0
2020/05/10-11:57:22.182982 7f6c5409e700 	kXpressCompression supported: 0
2020/05/10-11:57:22.182984 7f6c5409e700 	kLZ4HCCompression supported: 1
2020/05/10-11:57:22.182985 7f6c5409e700 	kLZ4Compression supported: 1
2020/05/10-11:57:22.182987 7f6c5409e700 	kBZip2Compression supported: 1
2020/05/10-11:57:22.182989 7f6c5409e700 	kZlibCompression supported: 1
2020/05/10-11:57:22.182990 7f6c5409e700 	kSnappyCompression supported: 0
2020/05/10-11:57:22.182998 7f6c5409e700 Fast CRC32 supported: Supported on x86
2020/05/10-11:57:22.183132 7f6c5409e700 [rsion_set.cc:4413] Recovering from manifest file: db/db2/MANIFEST-000032
2020/05/10-11:57:22.183243 7f6c5409e700 [lumn_family.cc:579] --------------- Options for column family [default]:
2020/05/10-11:57:22.183246 7f6c5409e700               Options.comparator: leveldb.BytewiseComparator
2020/05/10-11:57:22.183248 7f6c5409e700           Options.merge_operator: None
2020/05/10-11:57:22.183250 7f6c5409e700        Options.compaction_filter: None
2020/05/10-11:57:22.183251 7f6c5409e700        Options.compaction_filter_factory: None
2020/05/10-11:57:22.183253 7f6c5409e700         Options.memtable_factory: SkipListFactory
2020/05/10-11:57:22.183254 7f6c5409e700            Options.table_factory: BlockBasedTable
2020/05/10-11:57:22.183292 7f6c5409e700            table_factory options:   flush_block_policy_factory: FlushBlockBySizePolicyFactory (0x7f6c4c2a2df0)
  cache_index_and_filter_blocks: 0
  cache_index_and_filter_blocks_with_high_priority: 1
  pin_l0_filter_and_index_blocks_in_cache: 0
  pin_top_level_index_and_filter: 1
  index_type: 0
  data_block_index_type: 0
  index_shortening: 1
  data_block_hash_table_util_ratio: 0.750000
  hash_index_allow_collision: 1
  checksum: 1
  no_block_cache: 0
  block_cache: 0x7f6c4c2a2e40
  block_cache_name: LRUCache
  block_cache_options:
    capacity : 8388608
    num_shard_bits : 4
    strict_capacity_limit : 0
    memory_allocator : None
    high_pri_pool_ratio: 0.000
  block_cache_compressed: (nil)
  persistent_cache: (nil)
  block_size: 4096
  block_size_deviation: 10
  block_restart_interval: 16
  index_block_restart_interval: 1
  metadata_block_size: 4096
  partition_filters: 0
  use_delta_encoding: 1
  filter_policy: nullptr
  whole_key_filtering: 1
  verify_compression: 0
  read_amp_bytes_per_bit: 0
  format_version: 2
  enable_index_compression: 1
  block_align: 0
2020/05/10-11:57:22.183295 7f6c5409e700        Options.write_buffer_size: 67108864
2020/05/10-11:57:22.183297 7f6c5409e700  Options.max_write_buffer_number: 2
2020/05/10-11:57:22.183299 7f6c5409e700          Options.compression: NoCompression
2020/05/10-11:57:22.183300 7f6c5409e700                  Options.bottommost_compression: Disabled
2020/05/10-11:57:22.183302 7f6c5409e700       Options.prefix_extractor: nullptr
2020/05/10-11:57:22.183304 7f6c5409e700   Options.memtable_insert_with_hint_prefix_extractor: nullptr
2020/05/10-11:57:22.183305 7f6c5409e700             Options.num_levels: 7
2020/05/10-11:57:22.183307 7f6c5409e700        Options.min_write_buffer_number_to_merge: 1
2020/05/10-11:57:22.183308 7f6c5409e700     Options.max_write_buffer_number_to_maintain: 0
2020/05/10-11:57:22.183310 7f6c5409e700     Options.max_write_buffer_size_to_maintain: 0
2020/05/10-11:57:22.183311 7f6c5409e700            Options.bottommost_compression_opts.window_bits: -14
2020/05/10-11:57:22.183313 7f6c5409e700                  Options.bottommost_compression_opts.level: 32767
2020/05/10-11:57:22.183315 7f6c5409e700               Options.bottommost_compression_opts.strategy: 0
2020/05/10-11:57:22.183316 7f6c5409e700         Options.bottommost_compression_opts.max_dict_bytes: 0
2020/05/10-11:57:22.183318 7f6c5409e700         Options.bottommost_compression_opts.zstd_max_train_bytes: 0
2020/05/10-11:57:22.183319 7f6c5409e700                  Options.bottommost_compression_opts.enabled: false
2020/05/10-11:57:22.183321 7f6c5409e700            Options.compression_opts.window_bits: -14
2020/05/10-11:57:22.183322 7f6c5409e700                  Options.compression_opts.level: 32767
2020/05/10-11:57:22.183324 7f6c5409e700               Options.compression_opts.strategy: 0
2020/05/10-11:57:22.183325 7f6c5409e700         Options.compression_opts.max_dict_bytes: 0
2020/05/10-11:57:22.183327 7f6c5409e700         Options.compression_opts.zstd_max_train_bytes: 0
2020/05/10-11:57:22.183328 7f6c5409e700                  Options.compression_opts.enabled: false
2020/05/10-11:57:22.183330 7f6c5409e700      Options.level0_file_num_compaction_trigger: 4
2020/05/10-11:57:22.183341 7f6c5409e700          Options.level0_slowdown_writes_trigger: 20
2020/05/10-11:57:22.183343 7f6c5409e700              Options.level0_stop_writes_trigger: 36
2020/05/10-11:57:22.183345 7f6c5409e700                   Options.target_file_size_base: 67108864
2020/05/10-11:57:22.183346 7f6c5409e700             Options.target_file_size_multiplier: 1
2020/05/10-11:57:22.183348 7f6c5409e700                Options.max_bytes_for_level_base: 268435456
2020/05/10-11:57:22.183349 7f6c5409e700 Options.level_compaction_dynamic_level_bytes: 0
2020/05/10-11:57:22.183351 7f6c5409e700          Options.max_bytes_for_level_multiplier: 10.000000
2020/05/10-11:57:22.183354 7f6c5409e700 Options.max_bytes_for_level_multiplier_addtl[0]: 1
2020/05/10-11:57:22.183355 7f6c5409e700 Options.max_bytes_for_level_multiplier_addtl[1]: 1
2020/05/10-11:57:22.183357 7f6c5409e700 Options.max_bytes_for_level_multiplier_addtl[2]: 1
2020/05/10-11:57:22.183359 7f6c5409e700 Options.max_bytes_for_level_multiplier_addtl[3]: 1
2020/05/10-11:57:22.183360 7f6c5409e700 Options.max_bytes_for_level_multiplier_addtl[4]: 1
2020/05/10-11:57:22.183362 7f6c5409e700 Options.max_bytes_for_level_multiplier_addtl[5]: 1
2020/05/10-11:57:22.183363 7f6c5409e700 Options.max_bytes_for_level_multiplier_addtl[6]: 1
2020/05/10-11:57:22.183365 7f6c5409e700       Options.max_sequential_skip_in_iterations: 8
2020/05/10-11:57:22.183366 7f6c5409e700                    Options.max_compaction_bytes: 1677721600
2020/05/10-11:57:22.183368 7f6c5409e700                        Options.arena_block_size: 8388608
2020/05/10-11:57:22.183369 7f6c5409e700   Options.soft_pending_compaction_bytes_limit: 68719476736
2020/05/10-11:57:22.183371 7f6c5409e700   Options.hard_pending_compaction_bytes_limit: 274877906944
2020/05/10-11:57:22.183372 7f6c5409e700       Options.rate_limit_delay_max_milliseconds: 100
2020/05/10-11:57:22.183374 7f6c5409e700                Options.disable_auto_compactions: 0
2020/05/10-11:57:22.183376 7f6c5409e700                        Options.compaction_style: kCompactionStyleLevel
2020/05/10-11:57:22.183378 7f6c5409e700                          Options.compaction_pri: kMinOverlappingRatio
2020/05/10-11:57:22.183379 7f6c5409e700 Options.compaction_options_universal.size_ratio: 1
2020/05/10-11:57:22.183381 7f6c5409e700 Options.compaction_options_universal.min_merge_width: 2
2020/05/10-11:57:22.183382 7f6c5409e700 Options.compaction_options_universal.max_merge_width: 4294967295
2020/05/10-11:57:22.183384 7f6c5409e700 Options.compaction_options_universal.max_size_amplification_percent: 200
2020/05/10-11:57:22.183386 7f6c5409e700 Options.compaction_options_universal.compression_size_percent: -1
2020/05/10-11:57:22.183387 7f6c5409e700 Options.compaction_options_universal.stop_style: kCompactionStopStyleTotalSize
2020/05/10-11:57:22.183389 7f6c5409e700 Options.compaction_options_fifo.max_table_files_size: 1073741824
2020/05/10-11:57:22.183391 7f6c5409e700 Options.compaction_options_fifo.allow_compaction: 0
2020/05/10-11:57:22.183392 7f6c5409e700                   Options.table_properties_collectors: 
2020/05/10-11:57:22.183394 7f6c5409e700                   Options.inplace_update_support: 0
2020/05/10-11:57:22.183395 7f6c5409e700                 Options.inplace_update_num_locks: 10000
2020/05/10-11:57:22.183397 7f6c5409e700               Options.memtable_prefix_bloom_size_ratio: 0.000000
2020/05/10-11:57:22.183399 7f6c5409e700               Options.memtable_whole_key_filtering: 0
2020/05/10-11:57:22.183400 7f6c5409e700   Options.memtable_huge_page_size: 0
2020/05/10-11:57:22.183402 7f6c5409e700                           Options.bloom_locality: 0
2020/05/10-11:57:22.183403 7f6c5409e700                    Options.max_successive_merges: 0
2020/05/10-11:57:22.183405 7f6c5409e700                Options.optimize_filters_for_hits: 0
2020/05/10-11:57:22.183406 7f6c5409e700                Options.paranoid_file_checks: 0
2020/05/10-11:57:22.183408 7f6c5409e700                Options.force_consistency_checks: 0
2020/05/10-11:57:22.183409 7f6c5409e700                Options.report_bg_io_stats: 0
2020/05/10-11:57:22.183416 7f6c5409e700                               Options.ttl: 2592000
2020/05/10-11:57:22.183417 7f6c5409e700          Options.periodic_compaction_seconds: 0
2020/05/10-11:57:22.183987 7f6c5409e700 [rsion_set.cc:4568] Recovered from manifest file:db/db2/MANIFEST-000032 succeeded,manifest_file_number is 32, next_file_number is 34, last_sequence is 47, log_number is 31,prev_log_number is 0,max_column_family is 0,min_log_number_to_keep is 0
2020/05/10-11:57:22.183995 7f6c5409e700 [rsion_set.cc:4577] Column family [default] (ID 0), log number is 31
2020/05/10-11:57:22.184090 7f6c5409e700 EVENT_LOG_v1 {"time_micros": 1589083042184086, "job": 1, "event": "recovery_started", "log_files": [33]}
2020/05/10-11:57:22.184096 7f6c5409e700 [_impl/db_impl_open.cc:761] Recovering log #33 mode 2
2020/05/10-11:57:22.184122 7f6c5409e700 [rsion_set.cc:3826] Creating manifest 35
2020/05/10-11:57:22.201337 7f6c5409e700 EVENT_LOG_v1 {"time_micros": 1589083042201334, "job": 1, "event": "recovery_finished"}
2020/05/10-11:57:22.201468 7f6c5409e700 [DEBUG] [_impl/db_impl_files.cc:273] [JOB 2] Delete db/db2/MANIFEST-000032 type=3 #32 -- OK
2020/05/10-11:57:22.201488 7f6c5409e700 [DEBUG] [_impl/db_impl_files.cc:273] [JOB 2] Delete db/db2/000033.log type=0 #33 -- OK
2020/05/10-11:57:22.212137 7f6c5409e700 DB pointer 0x7f6c4c2bb180
2020/05/10-11:57:22.212352 7f6bb37f6700 [_impl/db_impl.cc:849] ------- DUMPING STATS -------
2020/05/10-11:57:22.212393 7f6bb37f6700 [_impl/db_impl.cc:850] 
** DB Stats **
Uptime(secs): 0.0 total, 0.0 interval
Cumulative writes: 0 writes, 0 keys, 0 commit groups, 0.0 writes per commit group, ingest: 0.00 GB, 0.00 MB/s
Cumulative WAL: 0 writes, 0 syncs, 0.00 writes per sync, written: 0.00 GB, 0.00 MB/s
Cumulative stall: 00:00:0.000 H:M:S, 0.0 percent
Interval writes: 0 writes, 0 keys, 0 commit groups, 0.0 writes per commit group, ingest: 0.00 MB, 0.00 MB/s
Interval WAL: 0 writes, 0 syncs, 0.00 writes per sync, written: 0.00 MB, 0.00 MB/s
Interval stall: 00:00:0.000 H:M:S, 0.0 percent

** Compaction Stats [default] **
Level    Files   Size     Score Read(GB)  Rn(GB) Rnp1(GB) Write(GB) Wnew(GB) Moved(GB) W-Amp Rd(MB/s) Wr(MB/s) Comp(sec) CompMergeCPU(sec) Comp(cnt) Avg(sec) KeyIn KeyDrop
----------------------------------------------------------------------------------------------------------------------------------------------------------------------------
  L0      1/0    2.32 KB   0.2      0.0     0.0      0.0       0.0      0.0       0.0   0.0      0.0      0.0      0.00              0.00         0    0.000       0      0
 Sum      1/0    2.32 KB   0.0      0.0     0.0      0.0       0.0      0.0       0.0   0.0      0.0      0.0      0.00              0.00         0    0.000       0      0
 Int      0/0    0.00 KB   0.0      0.0     0.0      0.0       0.0      0.0       0.0   0.0      0.0      0.0      0.00              0.00         0    0.000       0      0

** Compaction Stats [default] **
Priority    Files   Size     Score Read(GB)  Rn(GB) Rnp1(GB) Write(GB) Wnew(GB) Moved(GB) W-Amp Rd(MB/s) Wr(MB/s) Comp(sec) CompMergeCPU(sec) Comp(cnt) Avg(sec) KeyIn KeyDrop
-------------------------------------------------------------------------------------------------------------------------------------------------------------------------------
Uptime(secs): 0.0 total, 0.0 interval
Flush(GB): cumulative 0.000, interval 0.000
AddFile(GB): cumulative 0.000, interval 0.000
AddFile(Total Files): cumulative 0, interval 0
AddFile(L0 Files): cumulative 0, interval 0
AddFile(Keys): cumulative 0, interval 0
Cumulative compaction: 0.00 GB write, 0.00 MB/s write, 0.00 GB read, 0.00 MB/s read, 0.0 seconds
Interval compaction: 0.00 GB write, 0.00 MB/s write, 0.00 GB read, 0.00 MB/s read, 0.0 seconds
Stalls(count): 0 level0_slowdown, 0 level0_slowdown_with_compaction, 0 level0_numfiles, 0 level0_numfiles_with_compaction, 0 stop for pending_compaction_bytes, 0 slowdown for pending_compaction_bytes, 0 memtable_compaction, 0 memtable_slowdown, interval 0 total count

** File Read Latency Histogram By Level [default] **

** Compaction Stats [default] **
Level    Files   Size     Score Read(GB)  Rn(GB) Rnp1(GB) Write(GB) Wnew(GB) Moved(GB) W-Amp Rd(MB/s) Wr(MB/s) Comp(sec) CompMergeCPU(sec) Comp(cnt) Avg(sec) KeyIn KeyDrop
----------------------------------------------------------------------------------------------------------------------------------------------------------------------------
  L0      1/0    2.32 KB   0.2      0.0     0.0      0.0       0.0      0.0       0.0   0.0      0.0      0.0      0.00              0.00         0    0.000       0      0
 Sum      1/0    2.32 KB   0.0      0.0     0.0      0.0       0.0      0.0       0.0   0.0      0.0      0.0      0.00              0.00         0    0.000       0      0
 Int      0/0    0.00 KB   0.0      0.0     0.0      0.0       0.0      0.0       0.0   0.0      0.0      0.0      0.00              0.00         0    0.000       0      0

** Compaction Stats [default] **
Priority    Files   Size     Score Read(GB)  Rn(GB) Rnp1(GB) Write(GB) Wnew(GB) Moved(GB) W-Amp Rd(MB/s) Wr(MB/s) Comp(sec) CompMergeCPU(sec) Comp(cnt) Avg(sec) KeyIn KeyDrop
-------------------------------------------------------------------------------------------------------------------------------------------------------------------------------
Uptime(secs): 0.0 total, 0.0 interval
Flush(GB): cumulative 0.000, interval 0.000
AddFile(GB): cumulative 0.000, interval 0.000
AddFile(Total Files): cumulative 0, interval 0
AddFile(L0 Files): cumulative 0, interval 0
AddFile(Keys): cumulative 0, interval 0
Cumulative compaction: 0.00 GB write, 0.00 MB/s write, 0.00 GB read, 0.00 MB/s read, 0.0 seconds
Interval compaction: 0.00 GB write, 0.00 MB/s write, 0.00 GB read, 0.00 MB/s read, 0.0 seconds
Stalls(count): 0 level0_slowdown, 0 level0_slowdown_with_compaction, 0 level0_numfiles, 0 level0_numfiles_with_compaction, 0 stop for pending_compaction_bytes, 0 slowdown for pending_compaction_bytes, 0 memtable_compaction, 0 memtable_slowdown, interval 0 total count

** File Read Latency Histogram By Level [default] **
