2020/05/10-11:57:22.271527 7f6c5409e700 RocksDB version: 6.8.0
2020/05/10-11:57:22.271556 7f6c5409e700 Git sha rocksdb_build_git_sha:093ff0b2ce463aef10cbe2b7f7a47764d7c7af9c
2020/05/10-11:57:22.271559 7f6c5409e700 Compile date May  9 2020
2020/05/10-11:57:22.271561 7f6c5409e700 DB SUMMARY
2020/05/10-11:57:22.271604 7f6c5409e700 CURRENT file:  CURRENT
2020/05/10-11:57:22.271606 7f6c5409e700 IDENTITY file:  IDENTITY
2020/05/10-11:57:22.271611 7f6c5409e700 MANIFEST file:  MANIFEST-000032 size: 123 Bytes
2020/05/10-11:57:22.271614 7f6c5409e700 SST files in db/db5 dir, Total Num: 1, files: 000004.sst 
2020/05/10-11:57:22.271616 7f6c5409e700 Write Ahead Log file in db/db5: 000033.log size: 0 ; 
2020/05/10-11:57:22.271619 7f6c5409e700                         Options.error_if_exists: 0
2020/05/10-11:57:22.271620 7f6c5409e700                       Options.create_if_missing: 1
2020/05/10-11:57:22.271622 7f6c5409e700                         Options.paranoid_checks: 1
2020/05/10-11:57:22.271623 7f6c5409e700                                     Options.env: 0x7f6c336463c0
2020/05/10-11:57:22.271625 7f6c5409e700                                      Options.fs: Posix File System
2020/05/10-11:57:22.271627 7f6c5409e700                                Options.info_log: 0x7f6c4c3523e0
2020/05/10-11:57:22.271628 7f6c5409e700                Options.max_file_opening_threads: 16
2020/05/10-11:57:22.271630 7f6c5409e700                              Options.statistics: (nil)
2020/05/10-11:57:22.271631 7f6c5409e700                               Options.use_fsync: 0
2020/05/10-11:57:22.271633 7f6c5409e700                       Options.max_log_file_size: 0
2020/05/10-11:57:22.271634 7f6c5409e700                  Options.max_manifest_file_size: 1073741824
2020/05/10-11:57:22.271636 7f6c5409e700                   Options.log_file_time_to_roll: 0
2020/05/10-11:57:22.271638 7f6c5409e700                       Options.keep_log_file_num: 1000
2020/05/10-11:57:22.271639 7f6c5409e700                    Options.recycle_log_file_num: 0
2020/05/10-11:57:22.271641 7f6c5409e700                         Options.allow_fallocate: 1
2020/05/10-11:57:22.271642 7f6c5409e700                        Options.allow_mmap_reads: 0
2020/05/10-11:57:22.271644 7f6c5409e700                       Options.allow_mmap_writes: 0
2020/05/10-11:57:22.271645 7f6c5409e700                        Options.use_direct_reads: 0
2020/05/10-11:57:22.271646 7f6c5409e700                        Options.use_direct_io_for_flush_and_compaction: 0
2020/05/10-11:57:22.271648 7f6c5409e700          Options.create_missing_column_families: 0
2020/05/10-11:57:22.271649 7f6c5409e700                              Options.db_log_dir: 
2020/05/10-11:57:22.271651 7f6c5409e700                                 Options.wal_dir: db/db5
2020/05/10-11:57:22.271653 7f6c5409e700                Options.table_cache_numshardbits: 6
2020/05/10-11:57:22.271654 7f6c5409e700                      Options.max_subcompactions: 1
2020/05/10-11:57:22.271656 7f6c5409e700                  Options.max_background_flushes: -1
2020/05/10-11:57:22.271657 7f6c5409e700                         Options.WAL_ttl_seconds: 0
2020/05/10-11:57:22.271659 7f6c5409e700                       Options.WAL_size_limit_MB: 0
2020/05/10-11:57:22.271660 7f6c5409e700                        Options.max_write_batch_group_size_bytes: 1048576
2020/05/10-11:57:22.271662 7f6c5409e700             Options.manifest_preallocation_size: 4194304
2020/05/10-11:57:22.271663 7f6c5409e700                     Options.is_fd_close_on_exec: 1
2020/05/10-11:57:22.271665 7f6c5409e700                   Options.advise_random_on_open: 1
2020/05/10-11:57:22.271666 7f6c5409e700                    Options.db_write_buffer_size: 0
2020/05/10-11:57:22.271668 7f6c5409e700                    Options.write_buffer_manager: 0x7f6c4c352580
2020/05/10-11:57:22.271669 7f6c5409e700         Options.access_hint_on_compaction_start: 1
2020/05/10-11:57:22.271671 7f6c5409e700  Options.new_table_reader_for_compaction_inputs: 0
2020/05/10-11:57:22.271673 7f6c5409e700           Options.random_access_max_buffer_size: 1048576
2020/05/10-11:57:22.271674 7f6c5409e700                      Options.use_adaptive_mutex: 0
2020/05/10-11:57:22.271683 7f6c5409e700                            Options.rate_limiter: (nil)
2020/05/10-11:57:22.271685 7f6c5409e700     Options.sst_file_manager.rate_bytes_per_sec: 0
2020/05/10-11:57:22.271687 7f6c5409e700                       Options.wal_recovery_mode: 2
2020/05/10-11:57:22.271688 7f6c5409e700                  Options.enable_thread_tracking: 0
2020/05/10-11:57:22.271690 7f6c5409e700                  Options.enable_pipelined_write: 0
2020/05/10-11:57:22.271691 7f6c5409e700                  Options.unordered_write: 0
2020/05/10-11:57:22.271693 7f6c5409e700         Options.allow_concurrent_memtable_write: 1
2020/05/10-11:57:22.271694 7f6c5409e700      Options.enable_write_thread_adaptive_yield: 1
2020/05/10-11:57:22.271696 7f6c5409e700             Options.write_thread_max_yield_usec: 100
2020/05/10-11:57:22.271698 7f6c5409e700            Options.write_thread_slow_yield_usec: 3
2020/05/10-11:57:22.271699 7f6c5409e700                               Options.row_cache: None
2020/05/10-11:57:22.271701 7f6c5409e700                              Options.wal_filter: None
2020/05/10-11:57:22.271702 7f6c5409e700             Options.avoid_flush_during_recovery: 0
2020/05/10-11:57:22.271704 7f6c5409e700             Options.allow_ingest_behind: 0
2020/05/10-11:57:22.271705 7f6c5409e700             Options.preserve_deletes: 0
2020/05/10-11:57:22.271707 7f6c5409e700             Options.two_write_queues: 0
2020/05/10-11:57:22.271708 7f6c5409e700             Options.manual_wal_flush: 0
2020/05/10-11:57:22.271710 7f6c5409e700             Options.atomic_flush: 0
2020/05/10-11:57:22.271711 7f6c5409e700             Options.avoid_unnecessary_blocking_io: 0
2020/05/10-11:57:22.271713 7f6c5409e700                 Options.persist_stats_to_disk: 0
2020/05/10-11:57:22.271714 7f6c5409e700                 Options.write_dbid_to_manifest: 0
2020/05/10-11:57:22.271716 7f6c5409e700                 Options.log_readahead_size: 0
2020/05/10-11:57:22.271718 7f6c5409e700                 Options.sst_file_checksum_func: Unknown
2020/05/10-11:57:22.271719 7f6c5409e700             Options.max_background_jobs: 2
2020/05/10-11:57:22.271721 7f6c5409e700             Options.max_background_compactions: -1
2020/05/10-11:57:22.271722 7f6c5409e700             Options.avoid_flush_during_shutdown: 0
2020/05/10-11:57:22.271724 7f6c5409e700           Options.writable_file_max_buffer_size: 1048576
2020/05/10-11:57:22.271725 7f6c5409e700             Options.delayed_write_rate : 16777216
2020/05/10-11:57:22.271727 7f6c5409e700             Options.max_total_wal_size: 0
2020/05/10-11:57:22.271728 7f6c5409e700             Options.delete_obsolete_files_period_micros: 21600000000
2020/05/10-11:57:22.271730 7f6c5409e700                   Options.stats_dump_period_sec: 600
2020/05/10-11:57:22.271732 7f6c5409e700                 Options.stats_persist_period_sec: 600
2020/05/10-11:57:22.271733 7f6c5409e700                 Options.stats_history_buffer_size: 1048576
2020/05/10-11:57:22.271735 7f6c5409e700                          Options.max_open_files: -1
2020/05/10-11:57:22.271736 7f6c5409e700                          Options.bytes_per_sync: 0
2020/05/10-11:57:22.271738 7f6c5409e700                      Options.wal_bytes_per_sync: 0
2020/05/10-11:57:22.271739 7f6c5409e700                   Options.strict_bytes_per_sync: 0
2020/05/10-11:57:22.271741 7f6c5409e700       Options.compaction_readahead_size: 0
2020/05/10-11:57:22.271742 7f6c5409e700 Compression algorithms supported:
2020/05/10-11:57:22.271744 7f6c5409e700 	kZSTDNotFinalCompression supported: 0
2020/05/10-11:57:22.271746 7f6c5409e700 	kZSTD supported: 0
2020/05/10-11:57:22.271747 7f6c5409e700 	kXpressCompression supported: 0
2020/05/10-11:57:22.271749 7f6c5409e700 	kLZ4HCCompression supported: 1
2020/05/10-11:57:22.271751 7f6c5409e700 	kLZ4Compression supported: 1
2020/05/10-11:57:22.271753 7f6c5409e700 	kBZip2Compression supported: 1
2020/05/10-11:57:22.271754 7f6c5409e700 	kZlibCompression supported: 1
2020/05/10-11:57:22.271756 7f6c5409e700 	kSnappyCompression supported: 0
2020/05/10-11:57:22.271763 7f6c5409e700 Fast CRC32 supported: Supported on x86
2020/05/10-11:57:22.271901 7f6c5409e700 [rsion_set.cc:4413] Recovering from manifest file: db/db5/MANIFEST-000032
2020/05/10-11:57:22.272013 7f6c5409e700 [lumn_family.cc:579] --------------- Options for column family [default]:
2020/05/10-11:57:22.272016 7f6c5409e700               Options.comparator: leveldb.BytewiseComparator
2020/05/10-11:57:22.272018 7f6c5409e700           Options.merge_operator: None
2020/05/10-11:57:22.272019 7f6c5409e700        Options.compaction_filter: None
2020/05/10-11:57:22.272021 7f6c5409e700        Options.compaction_filter_factory: None
2020/05/10-11:57:22.272023 7f6c5409e700         Options.memtable_factory: SkipListFactory
2020/05/10-11:57:22.272024 7f6c5409e700            Options.table_factory: BlockBasedTable
2020/05/10-11:57:22.272048 7f6c5409e700            table_factory options:   flush_block_policy_factory: FlushBlockBySizePolicyFactory (0x7f6c4c2a2df0)
  cache_index_and_filter_blocks: 0
  cache_index_and_filter_blocks_with_high_priority: 1
  pin_l0_filter_and_index_blocks_in_cache: 0
  pin_top_level_index_and_filter: 1
  index_type: 0
  data_block_index_type: 0
  index_shortening: 1
  data_block_hash_table_util_ratio: 0.750000
  hash_index_allow_collision: 1
  checksum: 1
  no_block_cache: 0
  block_cache: 0x7f6c4c2a2e40
  block_cache_name: LRUCache
  block_cache_options:
    capacity : 8388608
    num_shard_bits : 4
    strict_capacity_limit : 0
    memory_allocator : None
    high_pri_pool_ratio: 0.000
  block_cache_compressed: (nil)
  persistent_cache: (nil)
  block_size: 4096
  block_size_deviation: 10
  block_restart_interval: 16
  index_block_restart_interval: 1
  metadata_block_size: 4096
  partition_filters: 0
  use_delta_encoding: 1
  filter_policy: nullptr
  whole_key_filtering: 1
  verify_compression: 0
  read_amp_bytes_per_bit: 0
  format_version: 2
  enable_index_compression: 1
  block_align: 0
2020/05/10-11:57:22.272051 7f6c5409e700        Options.write_buffer_size: 67108864
2020/05/10-11:57:22.272053 7f6c5409e700  Options.max_write_buffer_number: 2
2020/05/10-11:57:22.272055 7f6c5409e700          Options.compression: NoCompression
2020/05/10-11:57:22.272056 7f6c5409e700                  Options.bottommost_compression: Disabled
2020/05/10-11:57:22.272058 7f6c5409e700       Options.prefix_extractor: nullptr
2020/05/10-11:57:22.272060 7f6c5409e700   Options.memtable_insert_with_hint_prefix_extractor: nullptr
2020/05/10-11:57:22.272061 7f6c5409e700             Options.num_levels: 7
2020/05/10-11:57:22.272063 7f6c5409e700        Options.min_write_buffer_number_to_merge: 1
2020/05/10-11:57:22.272064 7f6c5409e700     Options.max_write_buffer_number_to_maintain: 0
2020/05/10-11:57:22.272066 7f6c5409e700     Options.max_write_buffer_size_to_maintain: 0
2020/05/10-11:57:22.272067 7f6c5409e700            Options.bottommost_compression_opts.window_bits: -14
2020/05/10-11:57:22.272069 7f6c5409e700                  Options.bottommost_compression_opts.level: 32767
2020/05/10-11:57:22.272071 7f6c5409e700               Options.bottommost_compression_opts.strategy: 0
2020/05/10-11:57:22.272072 7f6c5409e700         Options.bottommost_compression_opts.max_dict_bytes: 0
2020/05/10-11:57:22.272074 7f6c5409e700         Options.bottommost_compression_opts.zstd_max_train_bytes: 0
2020/05/10-11:57:22.272075 7f6c5409e700                  Options.bottommost_compression_opts.enabled: false
2020/05/10-11:57:22.272077 7f6c5409e700            Options.compression_opts.window_bits: -14
2020/05/10-11:57:22.272078 7f6c5409e700                  Options.compression_opts.level: 32767
2020/05/10-11:57:22.272080 7f6c5409e700               Options.compression_opts.strategy: 0
2020/05/10-11:57:22.272082 7f6c5409e700         Options.compression_opts.max_dict_bytes: 0
2020/05/10-11:57:22.272083 7f6c5409e700         Options.compression_opts.zstd_max_train_bytes: 0
2020/05/10-11:57:22.272085 7f6c5409e700                  Options.compression_opts.enabled: false
2020/05/10-11:57:22.272086 7f6c5409e700      Options.level0_file_num_compaction_trigger: 4
2020/05/10-11:57:22.272097 7f6c5409e700          Options.level0_slowdown_writes_trigger: 20
2020/05/10-11:57:22.272099 7f6c5409e700              Options.level0_stop_writes_trigger: 36
2020/05/10-11:57:22.272101 7f6c5409e700                   Options.target_file_size_base: 67108864
2020/05/10-11:57:22.272102 7f6c5409e700             Options.target_file_size_multiplier: 1
2020/05/10-11:57:22.272104 7f6c5409e700                Options.max_bytes_for_level_base: 268435456
2020/05/10-11:57:22.272105 7f6c5409e700 Options.level_compaction_dynamic_level_bytes: 0
2020/05/10-11:57:22.272107 7f6c5409e700          Options.max_bytes_for_level_multiplier: 10.000000
2020/05/10-11:57:22.272110 7f6c5409e700 Options.max_bytes_for_level_multiplier_addtl[0]: 1
2020/05/10-11:57:22.272111 7f6c5409e700 Options.max_bytes_for_level_multiplier_addtl[1]: 1
2020/05/10-11:57:22.272113 7f6c5409e700 Options.max_bytes_for_level_multiplier_addtl[2]: 1
2020/05/10-11:57:22.272115 7f6c5409e700 Options.max_bytes_for_level_multiplier_addtl[3]: 1
2020/05/10-11:57:22.272116 7f6c5409e700 Options.max_bytes_for_level_multiplier_addtl[4]: 1
2020/05/10-11:57:22.272118 7f6c5409e700 Options.max_bytes_for_level_multiplier_addtl[5]: 1
2020/05/10-11:57:22.272119 7f6c5409e700 Options.max_bytes_for_level_multiplier_addtl[6]: 1
2020/05/10-11:57:22.272121 7f6c5409e700       Options.max_sequential_skip_in_iterations: 8
2020/05/10-11:57:22.272122 7f6c5409e700                    Options.max_compaction_bytes: 1677721600
2020/05/10-11:57:22.272124 7f6c5409e700                        Options.arena_block_size: 8388608
2020/05/10-11:57:22.272125 7f6c5409e700   Options.soft_pending_compaction_bytes_limit: 68719476736
2020/05/10-11:57:22.272127 7f6c5409e700   Options.hard_pending_compaction_bytes_limit: 274877906944
2020/05/10-11:57:22.272128 7f6c5409e700       Options.rate_limit_delay_max_milliseconds: 100
2020/05/10-11:57:22.272130 7f6c5409e700                Options.disable_auto_compactions: 0
2020/05/10-11:57:22.272132 7f6c5409e700                        Options.compaction_style: kCompactionStyleLevel
2020/05/10-11:57:22.272134 7f6c5409e700                          Options.compaction_pri: kMinOverlappingRatio
2020/05/10-11:57:22.272135 7f6c5409e700 Options.compaction_options_universal.size_ratio: 1
2020/05/10-11:57:22.272137 7f6c5409e700 Options.compaction_options_universal.min_merge_width: 2
2020/05/10-11:57:22.272138 7f6c5409e700 Options.compaction_options_universal.max_merge_width: 4294967295
2020/05/10-11:57:22.272140 7f6c5409e700 Options.compaction_options_universal.max_size_amplification_percent: 200
2020/05/10-11:57:22.272142 7f6c5409e700 Options.compaction_options_universal.compression_size_percent: -1
2020/05/10-11:57:22.272143 7f6c5409e700 Options.compaction_options_universal.stop_style: kCompactionStopStyleTotalSize
2020/05/10-11:57:22.272145 7f6c5409e700 Options.compaction_options_fifo.max_table_files_size: 1073741824
2020/05/10-11:57:22.272147 7f6c5409e700 Options.compaction_options_fifo.allow_compaction: 0
2020/05/10-11:57:22.272148 7f6c5409e700                   Options.table_properties_collectors: 
2020/05/10-11:57:22.272150 7f6c5409e700                   Options.inplace_update_support: 0
2020/05/10-11:57:22.272151 7f6c5409e700                 Options.inplace_update_num_locks: 10000
2020/05/10-11:57:22.272153 7f6c5409e700               Options.memtable_prefix_bloom_size_ratio: 0.000000
2020/05/10-11:57:22.272155 7f6c5409e700               Options.memtable_whole_key_filtering: 0
2020/05/10-11:57:22.272156 7f6c5409e700   Options.memtable_huge_page_size: 0
2020/05/10-11:57:22.272158 7f6c5409e700                           Options.bloom_locality: 0
2020/05/10-11:57:22.272159 7f6c5409e700                    Options.max_successive_merges: 0
2020/05/10-11:57:22.272161 7f6c5409e700                Options.optimize_filters_for_hits: 0
2020/05/10-11:57:22.272162 7f6c5409e700                Options.paranoid_file_checks: 0
2020/05/10-11:57:22.272164 7f6c5409e700                Options.force_consistency_checks: 0
2020/05/10-11:57:22.272165 7f6c5409e700                Options.report_bg_io_stats: 0
2020/05/10-11:57:22.272173 7f6c5409e700                               Options.ttl: 2592000
2020/05/10-11:57:22.272175 7f6c5409e700          Options.periodic_compaction_seconds: 0
2020/05/10-11:57:22.272857 7f6c5409e700 [rsion_set.cc:4568] Recovered from manifest file:db/db5/MANIFEST-000032 succeeded,manifest_file_number is 32, next_file_number is 34, last_sequence is 35, log_number is 31,prev_log_number is 0,max_column_family is 0,min_log_number_to_keep is 0
2020/05/10-11:57:22.272865 7f6c5409e700 [rsion_set.cc:4577] Column family [default] (ID 0), log number is 31
2020/05/10-11:57:22.272958 7f6c5409e700 EVENT_LOG_v1 {"time_micros": 1589083042272955, "job": 1, "event": "recovery_started", "log_files": [33]}
2020/05/10-11:57:22.272964 7f6c5409e700 [_impl/db_impl_open.cc:761] Recovering log #33 mode 2
2020/05/10-11:57:22.272992 7f6c5409e700 [rsion_set.cc:3826] Creating manifest 35
2020/05/10-11:57:22.289273 7f6c5409e700 EVENT_LOG_v1 {"time_micros": 1589083042289271, "job": 1, "event": "recovery_finished"}
2020/05/10-11:57:22.289405 7f6c5409e700 [DEBUG] [_impl/db_impl_files.cc:273] [JOB 2] Delete db/db5/MANIFEST-000032 type=3 #32 -- OK
2020/05/10-11:57:22.289426 7f6c5409e700 [DEBUG] [_impl/db_impl_files.cc:273] [JOB 2] Delete db/db5/000033.log type=0 #33 -- OK
2020/05/10-11:57:22.300097 7f6c5409e700 DB pointer 0x7f6c4c372560
2020/05/10-11:57:22.300290 7f6ba27fc700 [_impl/db_impl.cc:849] ------- DUMPING STATS -------
2020/05/10-11:57:22.300325 7f6ba27fc700 [_impl/db_impl.cc:850] 
** DB Stats **
Uptime(secs): 0.0 total, 0.0 interval
Cumulative writes: 0 writes, 0 keys, 0 commit groups, 0.0 writes per commit group, ingest: 0.00 GB, 0.00 MB/s
Cumulative WAL: 0 writes, 0 syncs, 0.00 writes per sync, written: 0.00 GB, 0.00 MB/s
Cumulative stall: 00:00:0.000 H:M:S, 0.0 percent
Interval writes: 0 writes, 0 keys, 0 commit groups, 0.0 writes per commit group, ingest: 0.00 MB, 0.00 MB/s
Interval WAL: 0 writes, 0 syncs, 0.00 writes per sync, written: 0.00 MB, 0.00 MB/s
Interval stall: 00:00:0.000 H:M:S, 0.0 percent

** Compaction Stats [default] **
Level    Files   Size     Score Read(GB)  Rn(GB) Rnp1(GB) Write(GB) Wnew(GB) Moved(GB) W-Amp Rd(MB/s) Wr(MB/s) Comp(sec) CompMergeCPU(sec) Comp(cnt) Avg(sec) KeyIn KeyDrop
----------------------------------------------------------------------------------------------------------------------------------------------------------------------------
  L0      1/0    1.23 KB   0.2      0.0     0.0      0.0       0.0      0.0       0.0   0.0      0.0      0.0      0.00              0.00         0    0.000       0      0
 Sum      1/0    1.23 KB   0.0      0.0     0.0      0.0       0.0      0.0       0.0   0.0      0.0      0.0      0.00              0.00         0    0.000       0      0
 Int      0/0    0.00 KB   0.0      0.0     0.0      0.0       0.0      0.0       0.0   0.0      0.0      0.0      0.00              0.00         0    0.000       0      0

** Compaction Stats [default] **
Priority    Files   Size     Score Read(GB)  Rn(GB) Rnp1(GB) Write(GB) Wnew(GB) Moved(GB) W-Amp Rd(MB/s) Wr(MB/s) Comp(sec) CompMergeCPU(sec) Comp(cnt) Avg(sec) KeyIn KeyDrop
-------------------------------------------------------------------------------------------------------------------------------------------------------------------------------
Uptime(secs): 0.0 total, 0.0 interval
Flush(GB): cumulative 0.000, interval 0.000
AddFile(GB): cumulative 0.000, interval 0.000
AddFile(Total Files): cumulative 0, interval 0
AddFile(L0 Files): cumulative 0, interval 0
AddFile(Keys): cumulative 0, interval 0
Cumulative compaction: 0.00 GB write, 0.00 MB/s write, 0.00 GB read, 0.00 MB/s read, 0.0 seconds
Interval compaction: 0.00 GB write, 0.00 MB/s write, 0.00 GB read, 0.00 MB/s read, 0.0 seconds
Stalls(count): 0 level0_slowdown, 0 level0_slowdown_with_compaction, 0 level0_numfiles, 0 level0_numfiles_with_compaction, 0 stop for pending_compaction_bytes, 0 slowdown for pending_compaction_bytes, 0 memtable_compaction, 0 memtable_slowdown, interval 0 total count

** File Read Latency Histogram By Level [default] **

** Compaction Stats [default] **
Level    Files   Size     Score Read(GB)  Rn(GB) Rnp1(GB) Write(GB) Wnew(GB) Moved(GB) W-Amp Rd(MB/s) Wr(MB/s) Comp(sec) CompMergeCPU(sec) Comp(cnt) Avg(sec) KeyIn KeyDrop
----------------------------------------------------------------------------------------------------------------------------------------------------------------------------
  L0      1/0    1.23 KB   0.2      0.0     0.0      0.0       0.0      0.0       0.0   0.0      0.0      0.0      0.00              0.00         0    0.000       0      0
 Sum      1/0    1.23 KB   0.0      0.0     0.0      0.0       0.0      0.0       0.0   0.0      0.0      0.0      0.00              0.00         0    0.000       0      0
 Int      0/0    0.00 KB   0.0      0.0     0.0      0.0       0.0      0.0       0.0   0.0      0.0      0.0      0.00              0.00         0    0.000       0      0

** Compaction Stats [default] **
Priority    Files   Size     Score Read(GB)  Rn(GB) Rnp1(GB) Write(GB) Wnew(GB) Moved(GB) W-Amp Rd(MB/s) Wr(MB/s) Comp(sec) CompMergeCPU(sec) Comp(cnt) Avg(sec) KeyIn KeyDrop
-------------------------------------------------------------------------------------------------------------------------------------------------------------------------------
Uptime(secs): 0.0 total, 0.0 interval
Flush(GB): cumulative 0.000, interval 0.000
AddFile(GB): cumulative 0.000, interval 0.000
AddFile(Total Files): cumulative 0, interval 0
AddFile(L0 Files): cumulative 0, interval 0
AddFile(Keys): cumulative 0, interval 0
Cumulative compaction: 0.00 GB write, 0.00 MB/s write, 0.00 GB read, 0.00 MB/s read, 0.0 seconds
Interval compaction: 0.00 GB write, 0.00 MB/s write, 0.00 GB read, 0.00 MB/s read, 0.0 seconds
Stalls(count): 0 level0_slowdown, 0 level0_slowdown_with_compaction, 0 level0_numfiles, 0 level0_numfiles_with_compaction, 0 stop for pending_compaction_bytes, 0 slowdown for pending_compaction_bytes, 0 memtable_compaction, 0 memtable_slowdown, interval 0 total count

** File Read Latency Histogram By Level [default] **
