2020/05/10-11:57:22.358554 7f6c5409e700 RocksDB version: 6.8.0
2020/05/10-11:57:22.358592 7f6c5409e700 Git sha rocksdb_build_git_sha:093ff0b2ce463aef10cbe2b7f7a47764d7c7af9c
2020/05/10-11:57:22.358595 7f6c5409e700 Compile date May  9 2020
2020/05/10-11:57:22.358597 7f6c5409e700 DB SUMMARY
2020/05/10-11:57:22.358648 7f6c5409e700 CURRENT file:  CURRENT
2020/05/10-11:57:22.358651 7f6c5409e700 IDENTITY file:  IDENTITY
2020/05/10-11:57:22.358665 7f6c5409e700 MANIFEST file:  MANIFEST-000032 size: 123 Bytes
2020/05/10-11:57:22.358668 7f6c5409e700 SST files in db/db8 dir, Total Num: 1, files: 000004.sst 
2020/05/10-11:57:22.358670 7f6c5409e700 Write Ahead Log file in db/db8: 000033.log size: 0 ; 
2020/05/10-11:57:22.358673 7f6c5409e700                         Options.error_if_exists: 0
2020/05/10-11:57:22.358675 7f6c5409e700                       Options.create_if_missing: 1
2020/05/10-11:57:22.358676 7f6c5409e700                         Options.paranoid_checks: 1
2020/05/10-11:57:22.358678 7f6c5409e700                                     Options.env: 0x7f6c336463c0
2020/05/10-11:57:22.358679 7f6c5409e700                                      Options.fs: Posix File System
2020/05/10-11:57:22.358681 7f6c5409e700                                Options.info_log: 0x7f6c4c3c4440
2020/05/10-11:57:22.358683 7f6c5409e700                Options.max_file_opening_threads: 16
2020/05/10-11:57:22.358684 7f6c5409e700                              Options.statistics: (nil)
2020/05/10-11:57:22.358686 7f6c5409e700                               Options.use_fsync: 0
2020/05/10-11:57:22.358687 7f6c5409e700                       Options.max_log_file_size: 0
2020/05/10-11:57:22.358689 7f6c5409e700                  Options.max_manifest_file_size: 1073741824
2020/05/10-11:57:22.358691 7f6c5409e700                   Options.log_file_time_to_roll: 0
2020/05/10-11:57:22.358692 7f6c5409e700                       Options.keep_log_file_num: 1000
2020/05/10-11:57:22.358694 7f6c5409e700                    Options.recycle_log_file_num: 0
2020/05/10-11:57:22.358695 7f6c5409e700                         Options.allow_fallocate: 1
2020/05/10-11:57:22.358697 7f6c5409e700                        Options.allow_mmap_reads: 0
2020/05/10-11:57:22.358698 7f6c5409e700                       Options.allow_mmap_writes: 0
2020/05/10-11:57:22.358700 7f6c5409e700                        Options.use_direct_reads: 0
2020/05/10-11:57:22.358701 7f6c5409e700                        Options.use_direct_io_for_flush_and_compaction: 0
2020/05/10-11:57:22.358703 7f6c5409e700          Options.create_missing_column_families: 0
2020/05/10-11:57:22.358704 7f6c5409e700                              Options.db_log_dir: 
2020/05/10-11:57:22.358706 7f6c5409e700                                 Options.wal_dir: db/db8
2020/05/10-11:57:22.358707 7f6c5409e700                Options.table_cache_numshardbits: 6
2020/05/10-11:57:22.358709 7f6c5409e700                      Options.max_subcompactions: 1
2020/05/10-11:57:22.358710 7f6c5409e700                  Options.max_background_flushes: -1
2020/05/10-11:57:22.358712 7f6c5409e700                         Options.WAL_ttl_seconds: 0
2020/05/10-11:57:22.358714 7f6c5409e700                       Options.WAL_size_limit_MB: 0
2020/05/10-11:57:22.358715 7f6c5409e700                        Options.max_write_batch_group_size_bytes: 1048576
2020/05/10-11:57:22.358717 7f6c5409e700             Options.manifest_preallocation_size: 4194304
2020/05/10-11:57:22.358718 7f6c5409e700                     Options.is_fd_close_on_exec: 1
2020/05/10-11:57:22.358720 7f6c5409e700                   Options.advise_random_on_open: 1
2020/05/10-11:57:22.358721 7f6c5409e700                    Options.db_write_buffer_size: 0
2020/05/10-11:57:22.358723 7f6c5409e700                    Options.write_buffer_manager: 0x7f6c4c3f9200
2020/05/10-11:57:22.358724 7f6c5409e700         Options.access_hint_on_compaction_start: 1
2020/05/10-11:57:22.358726 7f6c5409e700  Options.new_table_reader_for_compaction_inputs: 0
2020/05/10-11:57:22.358727 7f6c5409e700           Options.random_access_max_buffer_size: 1048576
2020/05/10-11:57:22.358729 7f6c5409e700                      Options.use_adaptive_mutex: 0
2020/05/10-11:57:22.358739 7f6c5409e700                            Options.rate_limiter: (nil)
2020/05/10-11:57:22.358742 7f6c5409e700     Options.sst_file_manager.rate_bytes_per_sec: 0
2020/05/10-11:57:22.358743 7f6c5409e700                       Options.wal_recovery_mode: 2
2020/05/10-11:57:22.358745 7f6c5409e700                  Options.enable_thread_tracking: 0
2020/05/10-11:57:22.358746 7f6c5409e700                  Options.enable_pipelined_write: 0
2020/05/10-11:57:22.358748 7f6c5409e700                  Options.unordered_write: 0
2020/05/10-11:57:22.358749 7f6c5409e700         Options.allow_concurrent_memtable_write: 1
2020/05/10-11:57:22.358751 7f6c5409e700      Options.enable_write_thread_adaptive_yield: 1
2020/05/10-11:57:22.358752 7f6c5409e700             Options.write_thread_max_yield_usec: 100
2020/05/10-11:57:22.358754 7f6c5409e700            Options.write_thread_slow_yield_usec: 3
2020/05/10-11:57:22.358755 7f6c5409e700                               Options.row_cache: None
2020/05/10-11:57:22.358757 7f6c5409e700                              Options.wal_filter: None
2020/05/10-11:57:22.358758 7f6c5409e700             Options.avoid_flush_during_recovery: 0
2020/05/10-11:57:22.358760 7f6c5409e700             Options.allow_ingest_behind: 0
2020/05/10-11:57:22.358761 7f6c5409e700             Options.preserve_deletes: 0
2020/05/10-11:57:22.358763 7f6c5409e700             Options.two_write_queues: 0
2020/05/10-11:57:22.358765 7f6c5409e700             Options.manual_wal_flush: 0
2020/05/10-11:57:22.358766 7f6c5409e700             Options.atomic_flush: 0
2020/05/10-11:57:22.358768 7f6c5409e700             Options.avoid_unnecessary_blocking_io: 0
2020/05/10-11:57:22.358769 7f6c5409e700                 Options.persist_stats_to_disk: 0
2020/05/10-11:57:22.358771 7f6c5409e700                 Options.write_dbid_to_manifest: 0
2020/05/10-11:57:22.358772 7f6c5409e700                 Options.log_readahead_size: 0
2020/05/10-11:57:22.358774 7f6c5409e700                 Options.sst_file_checksum_func: Unknown
2020/05/10-11:57:22.358775 7f6c5409e700             Options.max_background_jobs: 2
2020/05/10-11:57:22.358777 7f6c5409e700             Options.max_background_compactions: -1
2020/05/10-11:57:22.358778 7f6c5409e700             Options.avoid_flush_during_shutdown: 0
2020/05/10-11:57:22.358780 7f6c5409e700           Options.writable_file_max_buffer_size: 1048576
2020/05/10-11:57:22.358782 7f6c5409e700             Options.delayed_write_rate : 16777216
2020/05/10-11:57:22.358783 7f6c5409e700             Options.max_total_wal_size: 0
2020/05/10-11:57:22.358785 7f6c5409e700             Options.delete_obsolete_files_period_micros: 21600000000
2020/05/10-11:57:22.358786 7f6c5409e700                   Options.stats_dump_period_sec: 600
2020/05/10-11:57:22.358788 7f6c5409e700                 Options.stats_persist_period_sec: 600
2020/05/10-11:57:22.358789 7f6c5409e700                 Options.stats_history_buffer_size: 1048576
2020/05/10-11:57:22.358791 7f6c5409e700                          Options.max_open_files: -1
2020/05/10-11:57:22.358793 7f6c5409e700                          Options.bytes_per_sync: 0
2020/05/10-11:57:22.358794 7f6c5409e700                      Options.wal_bytes_per_sync: 0
2020/05/10-11:57:22.358796 7f6c5409e700                   Options.strict_bytes_per_sync: 0
2020/05/10-11:57:22.358797 7f6c5409e700       Options.compaction_readahead_size: 0
2020/05/10-11:57:22.358799 7f6c5409e700 Compression algorithms supported:
2020/05/10-11:57:22.358800 7f6c5409e700 	kZSTDNotFinalCompression supported: 0
2020/05/10-11:57:22.358802 7f6c5409e700 	kZSTD supported: 0
2020/05/10-11:57:22.358804 7f6c5409e700 	kXpressCompression supported: 0
2020/05/10-11:57:22.358805 7f6c5409e700 	kLZ4HCCompression supported: 1
2020/05/10-11:57:22.358807 7f6c5409e700 	kLZ4Compression supported: 1
2020/05/10-11:57:22.358809 7f6c5409e700 	kBZip2Compression supported: 1
2020/05/10-11:57:22.358810 7f6c5409e700 	kZlibCompression supported: 1
2020/05/10-11:57:22.358812 7f6c5409e700 	kSnappyCompression supported: 0
2020/05/10-11:57:22.358820 7f6c5409e700 Fast CRC32 supported: Supported on x86
2020/05/10-11:57:22.358963 7f6c5409e700 [rsion_set.cc:4413] Recovering from manifest file: db/db8/MANIFEST-000032
2020/05/10-11:57:22.359073 7f6c5409e700 [lumn_family.cc:579] --------------- Options for column family [default]:
2020/05/10-11:57:22.359077 7f6c5409e700               Options.comparator: leveldb.BytewiseComparator
2020/05/10-11:57:22.359078 7f6c5409e700           Options.merge_operator: None
2020/05/10-11:57:22.359080 7f6c5409e700        Options.compaction_filter: None
2020/05/10-11:57:22.359082 7f6c5409e700        Options.compaction_filter_factory: None
2020/05/10-11:57:22.359083 7f6c5409e700         Options.memtable_factory: SkipListFactory
2020/05/10-11:57:22.359085 7f6c5409e700            Options.table_factory: BlockBasedTable
2020/05/10-11:57:22.359111 7f6c5409e700            table_factory options:   flush_block_policy_factory: FlushBlockBySizePolicyFactory (0x7f6c4c2a2df0)
  cache_index_and_filter_blocks: 0
  cache_index_and_filter_blocks_with_high_priority: 1
  pin_l0_filter_and_index_blocks_in_cache: 0
  pin_top_level_index_and_filter: 1
  index_type: 0
  data_block_index_type: 0
  index_shortening: 1
  data_block_hash_table_util_ratio: 0.750000
  hash_index_allow_collision: 1
  checksum: 1
  no_block_cache: 0
  block_cache: 0x7f6c4c2a2e40
  block_cache_name: LRUCache
  block_cache_options:
    capacity : 8388608
    num_shard_bits : 4
    strict_capacity_limit : 0
    memory_allocator : None
    high_pri_pool_ratio: 0.000
  block_cache_compressed: (nil)
  persistent_cache: (nil)
  block_size: 4096
  block_size_deviation: 10
  block_restart_interval: 16
  index_block_restart_interval: 1
  metadata_block_size: 4096
  partition_filters: 0
  use_delta_encoding: 1
  filter_policy: nullptr
  whole_key_filtering: 1
  verify_compression: 0
  read_amp_bytes_per_bit: 0
  format_version: 2
  enable_index_compression: 1
  block_align: 0
2020/05/10-11:57:22.359115 7f6c5409e700        Options.write_buffer_size: 67108864
2020/05/10-11:57:22.359117 7f6c5409e700  Options.max_write_buffer_number: 2
2020/05/10-11:57:22.359119 7f6c5409e700          Options.compression: NoCompression
2020/05/10-11:57:22.359120 7f6c5409e700                  Options.bottommost_compression: Disabled
2020/05/10-11:57:22.359122 7f6c5409e700       Options.prefix_extractor: nullptr
2020/05/10-11:57:22.359124 7f6c5409e700   Options.memtable_insert_with_hint_prefix_extractor: nullptr
2020/05/10-11:57:22.359125 7f6c5409e700             Options.num_levels: 7
2020/05/10-11:57:22.359127 7f6c5409e700        Options.min_write_buffer_number_to_merge: 1
2020/05/10-11:57:22.359128 7f6c5409e700     Options.max_write_buffer_number_to_maintain: 0
2020/05/10-11:57:22.359130 7f6c5409e700     Options.max_write_buffer_size_to_maintain: 0
2020/05/10-11:57:22.359131 7f6c5409e700            Options.bottommost_compression_opts.window_bits: -14
2020/05/10-11:57:22.359133 7f6c5409e700                  Options.bottommost_compression_opts.level: 32767
2020/05/10-11:57:22.359135 7f6c5409e700               Options.bottommost_compression_opts.strategy: 0
2020/05/10-11:57:22.359136 7f6c5409e700         Options.bottommost_compression_opts.max_dict_bytes: 0
2020/05/10-11:57:22.359138 7f6c5409e700         Options.bottommost_compression_opts.zstd_max_train_bytes: 0
2020/05/10-11:57:22.359139 7f6c5409e700                  Options.bottommost_compression_opts.enabled: false
2020/05/10-11:57:22.359141 7f6c5409e700            Options.compression_opts.window_bits: -14
2020/05/10-11:57:22.359143 7f6c5409e700                  Options.compression_opts.level: 32767
2020/05/10-11:57:22.359144 7f6c5409e700               Options.compression_opts.strategy: 0
2020/05/10-11:57:22.359146 7f6c5409e700         Options.compression_opts.max_dict_bytes: 0
2020/05/10-11:57:22.359147 7f6c5409e700         Options.compression_opts.zstd_max_train_bytes: 0
2020/05/10-11:57:22.359149 7f6c5409e700                  Options.compression_opts.enabled: false
2020/05/10-11:57:22.359150 7f6c5409e700      Options.level0_file_num_compaction_trigger: 4
2020/05/10-11:57:22.359160 7f6c5409e700          Options.level0_slowdown_writes_trigger: 20
2020/05/10-11:57:22.359162 7f6c5409e700              Options.level0_stop_writes_trigger: 36
2020/05/10-11:57:22.359164 7f6c5409e700                   Options.target_file_size_base: 67108864
2020/05/10-11:57:22.359165 7f6c5409e700             Options.target_file_size_multiplier: 1
2020/05/10-11:57:22.359167 7f6c5409e700                Options.max_bytes_for_level_base: 268435456
2020/05/10-11:57:22.359168 7f6c5409e700 Options.level_compaction_dynamic_level_bytes: 0
2020/05/10-11:57:22.359170 7f6c5409e700          Options.max_bytes_for_level_multiplier: 10.000000
2020/05/10-11:57:22.359173 7f6c5409e700 Options.max_bytes_for_level_multiplier_addtl[0]: 1
2020/05/10-11:57:22.359175 7f6c5409e700 Options.max_bytes_for_level_multiplier_addtl[1]: 1
2020/05/10-11:57:22.359176 7f6c5409e700 Options.max_bytes_for_level_multiplier_addtl[2]: 1
2020/05/10-11:57:22.359178 7f6c5409e700 Options.max_bytes_for_level_multiplier_addtl[3]: 1
2020/05/10-11:57:22.359179 7f6c5409e700 Options.max_bytes_for_level_multiplier_addtl[4]: 1
2020/05/10-11:57:22.359181 7f6c5409e700 Options.max_bytes_for_level_multiplier_addtl[5]: 1
2020/05/10-11:57:22.359182 7f6c5409e700 Options.max_bytes_for_level_multiplier_addtl[6]: 1
2020/05/10-11:57:22.359184 7f6c5409e700       Options.max_sequential_skip_in_iterations: 8
2020/05/10-11:57:22.359185 7f6c5409e700                    Options.max_compaction_bytes: 1677721600
2020/05/10-11:57:22.359187 7f6c5409e700                        Options.arena_block_size: 8388608
2020/05/10-11:57:22.359188 7f6c5409e700   Options.soft_pending_compaction_bytes_limit: 68719476736
2020/05/10-11:57:22.359190 7f6c5409e700   Options.hard_pending_compaction_bytes_limit: 274877906944
2020/05/10-11:57:22.359192 7f6c5409e700       Options.rate_limit_delay_max_milliseconds: 100
2020/05/10-11:57:22.359193 7f6c5409e700                Options.disable_auto_compactions: 0
2020/05/10-11:57:22.359195 7f6c5409e700                        Options.compaction_style: kCompactionStyleLevel
2020/05/10-11:57:22.359197 7f6c5409e700                          Options.compaction_pri: kMinOverlappingRatio
2020/05/10-11:57:22.359199 7f6c5409e700 Options.compaction_options_universal.size_ratio: 1
2020/05/10-11:57:22.359201 7f6c5409e700 Options.compaction_options_universal.min_merge_width: 2
2020/05/10-11:57:22.359202 7f6c5409e700 Options.compaction_options_universal.max_merge_width: 4294967295
2020/05/10-11:57:22.359204 7f6c5409e700 Options.compaction_options_universal.max_size_amplification_percent: 200
2020/05/10-11:57:22.359205 7f6c5409e700 Options.compaction_options_universal.compression_size_percent: -1
2020/05/10-11:57:22.359207 7f6c5409e700 Options.compaction_options_universal.stop_style: kCompactionStopStyleTotalSize
2020/05/10-11:57:22.359209 7f6c5409e700 Options.compaction_options_fifo.max_table_files_size: 1073741824
2020/05/10-11:57:22.359210 7f6c5409e700 Options.compaction_options_fifo.allow_compaction: 0
2020/05/10-11:57:22.359212 7f6c5409e700                   Options.table_properties_collectors: 
2020/05/10-11:57:22.359214 7f6c5409e700                   Options.inplace_update_support: 0
2020/05/10-11:57:22.359215 7f6c5409e700                 Options.inplace_update_num_locks: 10000
2020/05/10-11:57:22.359217 7f6c5409e700               Options.memtable_prefix_bloom_size_ratio: 0.000000
2020/05/10-11:57:22.359219 7f6c5409e700               Options.memtable_whole_key_filtering: 0
2020/05/10-11:57:22.359220 7f6c5409e700   Options.memtable_huge_page_size: 0
2020/05/10-11:57:22.359222 7f6c5409e700                           Options.bloom_locality: 0
2020/05/10-11:57:22.359223 7f6c5409e700                    Options.max_successive_merges: 0
2020/05/10-11:57:22.359225 7f6c5409e700                Options.optimize_filters_for_hits: 0
2020/05/10-11:57:22.359226 7f6c5409e700                Options.paranoid_file_checks: 0
2020/05/10-11:57:22.359228 7f6c5409e700                Options.force_consistency_checks: 0
2020/05/10-11:57:22.359229 7f6c5409e700                Options.report_bg_io_stats: 0
2020/05/10-11:57:22.359235 7f6c5409e700                               Options.ttl: 2592000
2020/05/10-11:57:22.359237 7f6c5409e700          Options.periodic_compaction_seconds: 0
2020/05/10-11:57:22.359903 7f6c5409e700 [rsion_set.cc:4568] Recovered from manifest file:db/db8/MANIFEST-000032 succeeded,manifest_file_number is 32, next_file_number is 34, last_sequence is 30, log_number is 31,prev_log_number is 0,max_column_family is 0,min_log_number_to_keep is 0
2020/05/10-11:57:22.359910 7f6c5409e700 [rsion_set.cc:4577] Column family [default] (ID 0), log number is 31
2020/05/10-11:57:22.360003 7f6c5409e700 EVENT_LOG_v1 {"time_micros": 1589083042360000, "job": 1, "event": "recovery_started", "log_files": [33]}
2020/05/10-11:57:22.360009 7f6c5409e700 [_impl/db_impl_open.cc:761] Recovering log #33 mode 2
2020/05/10-11:57:22.360035 7f6c5409e700 [rsion_set.cc:3826] Creating manifest 35
2020/05/10-11:57:22.376560 7f6c5409e700 EVENT_LOG_v1 {"time_micros": 1589083042376557, "job": 1, "event": "recovery_finished"}
2020/05/10-11:57:22.376688 7f6c5409e700 [DEBUG] [_impl/db_impl_files.cc:273] [JOB 2] Delete db/db8/MANIFEST-000032 type=3 #32 -- OK
2020/05/10-11:57:22.376708 7f6c5409e700 [DEBUG] [_impl/db_impl_files.cc:273] [JOB 2] Delete db/db8/000033.log type=0 #33 -- OK
2020/05/10-11:57:22.387555 7f6c5409e700 DB pointer 0x7f6c4c3faa30
2020/05/10-11:57:22.387721 7f6b717fa700 [_impl/db_impl.cc:849] ------- DUMPING STATS -------
2020/05/10-11:57:22.387765 7f6b717fa700 [_impl/db_impl.cc:850] 
** DB Stats **
Uptime(secs): 0.0 total, 0.0 interval
Cumulative writes: 0 writes, 0 keys, 0 commit groups, 0.0 writes per commit group, ingest: 0.00 GB, 0.00 MB/s
Cumulative WAL: 0 writes, 0 syncs, 0.00 writes per sync, written: 0.00 GB, 0.00 MB/s
Cumulative stall: 00:00:0.000 H:M:S, 0.0 percent
Interval writes: 0 writes, 0 keys, 0 commit groups, 0.0 writes per commit group, ingest: 0.00 MB, 0.00 MB/s
Interval WAL: 0 writes, 0 syncs, 0.00 writes per sync, written: 0.00 MB, 0.00 MB/s
Interval stall: 00:00:0.000 H:M:S, 0.0 percent

** Compaction Stats [default] **
Level    Files   Size     Score Read(GB)  Rn(GB) Rnp1(GB) Write(GB) Wnew(GB) Moved(GB) W-Amp Rd(MB/s) Wr(MB/s) Comp(sec) CompMergeCPU(sec) Comp(cnt) Avg(sec) KeyIn KeyDrop
----------------------------------------------------------------------------------------------------------------------------------------------------------------------------
  L0      1/0    1.62 KB   0.2      0.0     0.0      0.0       0.0      0.0       0.0   0.0      0.0      0.0      0.00              0.00         0    0.000       0      0
 Sum      1/0    1.62 KB   0.0      0.0     0.0      0.0       0.0      0.0       0.0   0.0      0.0      0.0      0.00              0.00         0    0.000       0      0
 Int      0/0    0.00 KB   0.0      0.0     0.0      0.0       0.0      0.0       0.0   0.0      0.0      0.0      0.00              0.00         0    0.000       0      0

** Compaction Stats [default] **
Priority    Files   Size     Score Read(GB)  Rn(GB) Rnp1(GB) Write(GB) Wnew(GB) Moved(GB) W-Amp Rd(MB/s) Wr(MB/s) Comp(sec) CompMergeCPU(sec) Comp(cnt) Avg(sec) KeyIn KeyDrop
-------------------------------------------------------------------------------------------------------------------------------------------------------------------------------
Uptime(secs): 0.0 total, 0.0 interval
Flush(GB): cumulative 0.000, interval 0.000
AddFile(GB): cumulative 0.000, interval 0.000
AddFile(Total Files): cumulative 0, interval 0
AddFile(L0 Files): cumulative 0, interval 0
AddFile(Keys): cumulative 0, interval 0
Cumulative compaction: 0.00 GB write, 0.00 MB/s write, 0.00 GB read, 0.00 MB/s read, 0.0 seconds
Interval compaction: 0.00 GB write, 0.00 MB/s write, 0.00 GB read, 0.00 MB/s read, 0.0 seconds
Stalls(count): 0 level0_slowdown, 0 level0_slowdown_with_compaction, 0 level0_numfiles, 0 level0_numfiles_with_compaction, 0 stop for pending_compaction_bytes, 0 slowdown for pending_compaction_bytes, 0 memtable_compaction, 0 memtable_slowdown, interval 0 total count

** File Read Latency Histogram By Level [default] **

** Compaction Stats [default] **
Level    Files   Size     Score Read(GB)  Rn(GB) Rnp1(GB) Write(GB) Wnew(GB) Moved(GB) W-Amp Rd(MB/s) Wr(MB/s) Comp(sec) CompMergeCPU(sec) Comp(cnt) Avg(sec) KeyIn KeyDrop
----------------------------------------------------------------------------------------------------------------------------------------------------------------------------
  L0      1/0    1.62 KB   0.2      0.0     0.0      0.0       0.0      0.0       0.0   0.0      0.0      0.0      0.00              0.00         0    0.000       0      0
 Sum      1/0    1.62 KB   0.0      0.0     0.0      0.0       0.0      0.0       0.0   0.0      0.0      0.0      0.00              0.00         0    0.000       0      0
 Int      0/0    0.00 KB   0.0      0.0     0.0      0.0       0.0      0.0       0.0   0.0      0.0      0.0      0.00              0.00         0    0.000       0      0

** Compaction Stats [default] **
Priority    Files   Size     Score Read(GB)  Rn(GB) Rnp1(GB) Write(GB) Wnew(GB) Moved(GB) W-Amp Rd(MB/s) Wr(MB/s) Comp(sec) CompMergeCPU(sec) Comp(cnt) Avg(sec) KeyIn KeyDrop
-------------------------------------------------------------------------------------------------------------------------------------------------------------------------------
Uptime(secs): 0.0 total, 0.0 interval
Flush(GB): cumulative 0.000, interval 0.000
AddFile(GB): cumulative 0.000, interval 0.000
AddFile(Total Files): cumulative 0, interval 0
AddFile(L0 Files): cumulative 0, interval 0
AddFile(Keys): cumulative 0, interval 0
Cumulative compaction: 0.00 GB write, 0.00 MB/s write, 0.00 GB read, 0.00 MB/s read, 0.0 seconds
Interval compaction: 0.00 GB write, 0.00 MB/s write, 0.00 GB read, 0.00 MB/s read, 0.0 seconds
Stalls(count): 0 level0_slowdown, 0 level0_slowdown_with_compaction, 0 level0_numfiles, 0 level0_numfiles_with_compaction, 0 stop for pending_compaction_bytes, 0 slowdown for pending_compaction_bytes, 0 memtable_compaction, 0 memtable_slowdown, interval 0 total count

** File Read Latency Histogram By Level [default] **
