2020/05/10-11:57:22.212379 7f6c5409e700 RocksDB version: 6.8.0
2020/05/10-11:57:22.212408 7f6c5409e700 Git sha rocksdb_build_git_sha:093ff0b2ce463aef10cbe2b7f7a47764d7c7af9c
2020/05/10-11:57:22.212411 7f6c5409e700 Compile date May  9 2020
2020/05/10-11:57:22.212413 7f6c5409e700 DB SUMMARY
2020/05/10-11:57:22.212458 7f6c5409e700 CURRENT file:  CURRENT
2020/05/10-11:57:22.212461 7f6c5409e700 IDENTITY file:  IDENTITY
2020/05/10-11:57:22.212465 7f6c5409e700 MANIFEST file:  MANIFEST-000032 size: 123 Bytes
2020/05/10-11:57:22.212468 7f6c5409e700 SST files in db/db3 dir, Total Num: 1, files: 000004.sst 
2020/05/10-11:57:22.212470 7f6c5409e700 Write Ahead Log file in db/db3: 000033.log size: 0 ; 
2020/05/10-11:57:22.212473 7f6c5409e700                         Options.error_if_exists: 0
2020/05/10-11:57:22.212474 7f6c5409e700                       Options.create_if_missing: 1
2020/05/10-11:57:22.212476 7f6c5409e700                         Options.paranoid_checks: 1
2020/05/10-11:57:22.212477 7f6c5409e700                                     Options.env: 0x7f6c336463c0
2020/05/10-11:57:22.212479 7f6c5409e700                                      Options.fs: Posix File System
2020/05/10-11:57:22.212481 7f6c5409e700                                Options.info_log: 0x7f6c4c2e8100
2020/05/10-11:57:22.212482 7f6c5409e700                Options.max_file_opening_threads: 16
2020/05/10-11:57:22.212484 7f6c5409e700                              Options.statistics: (nil)
2020/05/10-11:57:22.212485 7f6c5409e700                               Options.use_fsync: 0
2020/05/10-11:57:22.212487 7f6c5409e700                       Options.max_log_file_size: 0
2020/05/10-11:57:22.212488 7f6c5409e700                  Options.max_manifest_file_size: 1073741824
2020/05/10-11:57:22.212490 7f6c5409e700                   Options.log_file_time_to_roll: 0
2020/05/10-11:57:22.212492 7f6c5409e700                       Options.keep_log_file_num: 1000
2020/05/10-11:57:22.212493 7f6c5409e700                    Options.recycle_log_file_num: 0
2020/05/10-11:57:22.212495 7f6c5409e700                         Options.allow_fallocate: 1
2020/05/10-11:57:22.212496 7f6c5409e700                        Options.allow_mmap_reads: 0
2020/05/10-11:57:22.212498 7f6c5409e700                       Options.allow_mmap_writes: 0
2020/05/10-11:57:22.212499 7f6c5409e700                        Options.use_direct_reads: 0
2020/05/10-11:57:22.212500 7f6c5409e700                        Options.use_direct_io_for_flush_and_compaction: 0
2020/05/10-11:57:22.212502 7f6c5409e700          Options.create_missing_column_families: 0
2020/05/10-11:57:22.212503 7f6c5409e700                              Options.db_log_dir: 
2020/05/10-11:57:22.212505 7f6c5409e700                                 Options.wal_dir: db/db3
2020/05/10-11:57:22.212506 7f6c5409e700                Options.table_cache_numshardbits: 6
2020/05/10-11:57:22.212508 7f6c5409e700                      Options.max_subcompactions: 1
2020/05/10-11:57:22.212509 7f6c5409e700                  Options.max_background_flushes: -1
2020/05/10-11:57:22.212511 7f6c5409e700                         Options.WAL_ttl_seconds: 0
2020/05/10-11:57:22.212513 7f6c5409e700                       Options.WAL_size_limit_MB: 0
2020/05/10-11:57:22.212514 7f6c5409e700                        Options.max_write_batch_group_size_bytes: 1048576
2020/05/10-11:57:22.212516 7f6c5409e700             Options.manifest_preallocation_size: 4194304
2020/05/10-11:57:22.212517 7f6c5409e700                     Options.is_fd_close_on_exec: 1
2020/05/10-11:57:22.212519 7f6c5409e700                   Options.advise_random_on_open: 1
2020/05/10-11:57:22.212520 7f6c5409e700                    Options.db_write_buffer_size: 0
2020/05/10-11:57:22.212522 7f6c5409e700                    Options.write_buffer_manager: 0x7f6c4c2e8280
2020/05/10-11:57:22.212523 7f6c5409e700         Options.access_hint_on_compaction_start: 1
2020/05/10-11:57:22.212525 7f6c5409e700  Options.new_table_reader_for_compaction_inputs: 0
2020/05/10-11:57:22.212526 7f6c5409e700           Options.random_access_max_buffer_size: 1048576
2020/05/10-11:57:22.212528 7f6c5409e700                      Options.use_adaptive_mutex: 0
2020/05/10-11:57:22.212537 7f6c5409e700                            Options.rate_limiter: (nil)
2020/05/10-11:57:22.212539 7f6c5409e700     Options.sst_file_manager.rate_bytes_per_sec: 0
2020/05/10-11:57:22.212540 7f6c5409e700                       Options.wal_recovery_mode: 2
2020/05/10-11:57:22.212542 7f6c5409e700                  Options.enable_thread_tracking: 0
2020/05/10-11:57:22.212543 7f6c5409e700                  Options.enable_pipelined_write: 0
2020/05/10-11:57:22.212545 7f6c5409e700                  Options.unordered_write: 0
2020/05/10-11:57:22.212546 7f6c5409e700         Options.allow_concurrent_memtable_write: 1
2020/05/10-11:57:22.212548 7f6c5409e700      Options.enable_write_thread_adaptive_yield: 1
2020/05/10-11:57:22.212549 7f6c5409e700             Options.write_thread_max_yield_usec: 100
2020/05/10-11:57:22.212551 7f6c5409e700            Options.write_thread_slow_yield_usec: 3
2020/05/10-11:57:22.212552 7f6c5409e700                               Options.row_cache: None
2020/05/10-11:57:22.212554 7f6c5409e700                              Options.wal_filter: None
2020/05/10-11:57:22.212555 7f6c5409e700             Options.avoid_flush_during_recovery: 0
2020/05/10-11:57:22.212557 7f6c5409e700             Options.allow_ingest_behind: 0
2020/05/10-11:57:22.212558 7f6c5409e700             Options.preserve_deletes: 0
2020/05/10-11:57:22.212560 7f6c5409e700             Options.two_write_queues: 0
2020/05/10-11:57:22.212561 7f6c5409e700             Options.manual_wal_flush: 0
2020/05/10-11:57:22.212563 7f6c5409e700             Options.atomic_flush: 0
2020/05/10-11:57:22.212564 7f6c5409e700             Options.avoid_unnecessary_blocking_io: 0
2020/05/10-11:57:22.212566 7f6c5409e700                 Options.persist_stats_to_disk: 0
2020/05/10-11:57:22.212568 7f6c5409e700                 Options.write_dbid_to_manifest: 0
2020/05/10-11:57:22.212569 7f6c5409e700                 Options.log_readahead_size: 0
2020/05/10-11:57:22.212571 7f6c5409e700                 Options.sst_file_checksum_func: Unknown
2020/05/10-11:57:22.212572 7f6c5409e700             Options.max_background_jobs: 2
2020/05/10-11:57:22.212574 7f6c5409e700             Options.max_background_compactions: -1
2020/05/10-11:57:22.212575 7f6c5409e700             Options.avoid_flush_during_shutdown: 0
2020/05/10-11:57:22.212577 7f6c5409e700           Options.writable_file_max_buffer_size: 1048576
2020/05/10-11:57:22.212578 7f6c5409e700             Options.delayed_write_rate : 16777216
2020/05/10-11:57:22.212580 7f6c5409e700             Options.max_total_wal_size: 0
2020/05/10-11:57:22.212581 7f6c5409e700             Options.delete_obsolete_files_period_micros: 21600000000
2020/05/10-11:57:22.212583 7f6c5409e700                   Options.stats_dump_period_sec: 600
2020/05/10-11:57:22.212585 7f6c5409e700                 Options.stats_persist_period_sec: 600
2020/05/10-11:57:22.212586 7f6c5409e700                 Options.stats_history_buffer_size: 1048576
2020/05/10-11:57:22.212588 7f6c5409e700                          Options.max_open_files: -1
2020/05/10-11:57:22.212589 7f6c5409e700                          Options.bytes_per_sync: 0
2020/05/10-11:57:22.212591 7f6c5409e700                      Options.wal_bytes_per_sync: 0
2020/05/10-11:57:22.212592 7f6c5409e700                   Options.strict_bytes_per_sync: 0
2020/05/10-11:57:22.212594 7f6c5409e700       Options.compaction_readahead_size: 0
2020/05/10-11:57:22.212595 7f6c5409e700 Compression algorithms supported:
2020/05/10-11:57:22.212597 7f6c5409e700 	kZSTDNotFinalCompression supported: 0
2020/05/10-11:57:22.212599 7f6c5409e700 	kZSTD supported: 0
2020/05/10-11:57:22.212600 7f6c5409e700 	kXpressCompression supported: 0
2020/05/10-11:57:22.212602 7f6c5409e700 	kLZ4HCCompression supported: 1
2020/05/10-11:57:22.212604 7f6c5409e700 	kLZ4Compression supported: 1
2020/05/10-11:57:22.212605 7f6c5409e700 	kBZip2Compression supported: 1
2020/05/10-11:57:22.212607 7f6c5409e700 	kZlibCompression supported: 1
2020/05/10-11:57:22.212609 7f6c5409e700 	kSnappyCompression supported: 0
2020/05/10-11:57:22.212616 7f6c5409e700 Fast CRC32 supported: Supported on x86
2020/05/10-11:57:22.212749 7f6c5409e700 [rsion_set.cc:4413] Recovering from manifest file: db/db3/MANIFEST-000032
2020/05/10-11:57:22.212858 7f6c5409e700 [lumn_family.cc:579] --------------- Options for column family [default]:
2020/05/10-11:57:22.212862 7f6c5409e700               Options.comparator: leveldb.BytewiseComparator
2020/05/10-11:57:22.212864 7f6c5409e700           Options.merge_operator: None
2020/05/10-11:57:22.212865 7f6c5409e700        Options.compaction_filter: None
2020/05/10-11:57:22.212867 7f6c5409e700        Options.compaction_filter_factory: None
2020/05/10-11:57:22.212869 7f6c5409e700         Options.memtable_factory: SkipListFactory
2020/05/10-11:57:22.212870 7f6c5409e700            Options.table_factory: BlockBasedTable
2020/05/10-11:57:22.212894 7f6c5409e700            table_factory options:   flush_block_policy_factory: FlushBlockBySizePolicyFactory (0x7f6c4c2a2df0)
  cache_index_and_filter_blocks: 0
  cache_index_and_filter_blocks_with_high_priority: 1
  pin_l0_filter_and_index_blocks_in_cache: 0
  pin_top_level_index_and_filter: 1
  index_type: 0
  data_block_index_type: 0
  index_shortening: 1
  data_block_hash_table_util_ratio: 0.750000
  hash_index_allow_collision: 1
  checksum: 1
  no_block_cache: 0
  block_cache: 0x7f6c4c2a2e40
  block_cache_name: LRUCache
  block_cache_options:
    capacity : 8388608
    num_shard_bits : 4
    strict_capacity_limit : 0
    memory_allocator : None
    high_pri_pool_ratio: 0.000
  block_cache_compressed: (nil)
  persistent_cache: (nil)
  block_size: 4096
  block_size_deviation: 10
  block_restart_interval: 16
  index_block_restart_interval: 1
  metadata_block_size: 4096
  partition_filters: 0
  use_delta_encoding: 1
  filter_policy: nullptr
  whole_key_filtering: 1
  verify_compression: 0
  read_amp_bytes_per_bit: 0
  format_version: 2
  enable_index_compression: 1
  block_align: 0
2020/05/10-11:57:22.212897 7f6c5409e700        Options.write_buffer_size: 67108864
2020/05/10-11:57:22.212899 7f6c5409e700  Options.max_write_buffer_number: 2
2020/05/10-11:57:22.212901 7f6c5409e700          Options.compression: NoCompression
2020/05/10-11:57:22.212902 7f6c5409e700                  Options.bottommost_compression: Disabled
2020/05/10-11:57:22.212904 7f6c5409e700       Options.prefix_extractor: nullptr
2020/05/10-11:57:22.212906 7f6c5409e700   Options.memtable_insert_with_hint_prefix_extractor: nullptr
2020/05/10-11:57:22.212907 7f6c5409e700             Options.num_levels: 7
2020/05/10-11:57:22.212909 7f6c5409e700        Options.min_write_buffer_number_to_merge: 1
2020/05/10-11:57:22.212910 7f6c5409e700     Options.max_write_buffer_number_to_maintain: 0
2020/05/10-11:57:22.212912 7f6c5409e700     Options.max_write_buffer_size_to_maintain: 0
2020/05/10-11:57:22.212913 7f6c5409e700            Options.bottommost_compression_opts.window_bits: -14
2020/05/10-11:57:22.212915 7f6c5409e700                  Options.bottommost_compression_opts.level: 32767
2020/05/10-11:57:22.212916 7f6c5409e700               Options.bottommost_compression_opts.strategy: 0
2020/05/10-11:57:22.212918 7f6c5409e700         Options.bottommost_compression_opts.max_dict_bytes: 0
2020/05/10-11:57:22.212920 7f6c5409e700         Options.bottommost_compression_opts.zstd_max_train_bytes: 0
2020/05/10-11:57:22.212921 7f6c5409e700                  Options.bottommost_compression_opts.enabled: false
2020/05/10-11:57:22.212923 7f6c5409e700            Options.compression_opts.window_bits: -14
2020/05/10-11:57:22.212924 7f6c5409e700                  Options.compression_opts.level: 32767
2020/05/10-11:57:22.212926 7f6c5409e700               Options.compression_opts.strategy: 0
2020/05/10-11:57:22.212927 7f6c5409e700         Options.compression_opts.max_dict_bytes: 0
2020/05/10-11:57:22.212929 7f6c5409e700         Options.compression_opts.zstd_max_train_bytes: 0
2020/05/10-11:57:22.212930 7f6c5409e700                  Options.compression_opts.enabled: false
2020/05/10-11:57:22.212932 7f6c5409e700      Options.level0_file_num_compaction_trigger: 4
2020/05/10-11:57:22.212944 7f6c5409e700          Options.level0_slowdown_writes_trigger: 20
2020/05/10-11:57:22.212946 7f6c5409e700              Options.level0_stop_writes_trigger: 36
2020/05/10-11:57:22.212947 7f6c5409e700                   Options.target_file_size_base: 67108864
2020/05/10-11:57:22.212949 7f6c5409e700             Options.target_file_size_multiplier: 1
2020/05/10-11:57:22.212950 7f6c5409e700                Options.max_bytes_for_level_base: 268435456
2020/05/10-11:57:22.212952 7f6c5409e700 Options.level_compaction_dynamic_level_bytes: 0
2020/05/10-11:57:22.212954 7f6c5409e700          Options.max_bytes_for_level_multiplier: 10.000000
2020/05/10-11:57:22.212956 7f6c5409e700 Options.max_bytes_for_level_multiplier_addtl[0]: 1
2020/05/10-11:57:22.212958 7f6c5409e700 Options.max_bytes_for_level_multiplier_addtl[1]: 1
2020/05/10-11:57:22.212959 7f6c5409e700 Options.max_bytes_for_level_multiplier_addtl[2]: 1
2020/05/10-11:57:22.212961 7f6c5409e700 Options.max_bytes_for_level_multiplier_addtl[3]: 1
2020/05/10-11:57:22.212963 7f6c5409e700 Options.max_bytes_for_level_multiplier_addtl[4]: 1
2020/05/10-11:57:22.212964 7f6c5409e700 Options.max_bytes_for_level_multiplier_addtl[5]: 1
2020/05/10-11:57:22.212966 7f6c5409e700 Options.max_bytes_for_level_multiplier_addtl[6]: 1
2020/05/10-11:57:22.212967 7f6c5409e700       Options.max_sequential_skip_in_iterations: 8
2020/05/10-11:57:22.212969 7f6c5409e700                    Options.max_compaction_bytes: 1677721600
2020/05/10-11:57:22.212970 7f6c5409e700                        Options.arena_block_size: 8388608
2020/05/10-11:57:22.212972 7f6c5409e700   Options.soft_pending_compaction_bytes_limit: 68719476736
2020/05/10-11:57:22.212973 7f6c5409e700   Options.hard_pending_compaction_bytes_limit: 274877906944
2020/05/10-11:57:22.212975 7f6c5409e700       Options.rate_limit_delay_max_milliseconds: 100
2020/05/10-11:57:22.212977 7f6c5409e700                Options.disable_auto_compactions: 0
2020/05/10-11:57:22.212979 7f6c5409e700                        Options.compaction_style: kCompactionStyleLevel
2020/05/10-11:57:22.212980 7f6c5409e700                          Options.compaction_pri: kMinOverlappingRatio
2020/05/10-11:57:22.212982 7f6c5409e700 Options.compaction_options_universal.size_ratio: 1
2020/05/10-11:57:22.212984 7f6c5409e700 Options.compaction_options_universal.min_merge_width: 2
2020/05/10-11:57:22.212985 7f6c5409e700 Options.compaction_options_universal.max_merge_width: 4294967295
2020/05/10-11:57:22.212987 7f6c5409e700 Options.compaction_options_universal.max_size_amplification_percent: 200
2020/05/10-11:57:22.212988 7f6c5409e700 Options.compaction_options_universal.compression_size_percent: -1
2020/05/10-11:57:22.212990 7f6c5409e700 Options.compaction_options_universal.stop_style: kCompactionStopStyleTotalSize
2020/05/10-11:57:22.212992 7f6c5409e700 Options.compaction_options_fifo.max_table_files_size: 1073741824
2020/05/10-11:57:22.212993 7f6c5409e700 Options.compaction_options_fifo.allow_compaction: 0
2020/05/10-11:57:22.212995 7f6c5409e700                   Options.table_properties_collectors: 
2020/05/10-11:57:22.212997 7f6c5409e700                   Options.inplace_update_support: 0
2020/05/10-11:57:22.212998 7f6c5409e700                 Options.inplace_update_num_locks: 10000
2020/05/10-11:57:22.213000 7f6c5409e700               Options.memtable_prefix_bloom_size_ratio: 0.000000
2020/05/10-11:57:22.213002 7f6c5409e700               Options.memtable_whole_key_filtering: 0
2020/05/10-11:57:22.213003 7f6c5409e700   Options.memtable_huge_page_size: 0
2020/05/10-11:57:22.213005 7f6c5409e700                           Options.bloom_locality: 0
2020/05/10-11:57:22.213006 7f6c5409e700                    Options.max_successive_merges: 0
2020/05/10-11:57:22.213008 7f6c5409e700                Options.optimize_filters_for_hits: 0
2020/05/10-11:57:22.213009 7f6c5409e700                Options.paranoid_file_checks: 0
2020/05/10-11:57:22.213011 7f6c5409e700                Options.force_consistency_checks: 0
2020/05/10-11:57:22.213012 7f6c5409e700                Options.report_bg_io_stats: 0
2020/05/10-11:57:22.213018 7f6c5409e700                               Options.ttl: 2592000
2020/05/10-11:57:22.213020 7f6c5409e700          Options.periodic_compaction_seconds: 0
2020/05/10-11:57:22.213672 7f6c5409e700 [rsion_set.cc:4568] Recovered from manifest file:db/db3/MANIFEST-000032 succeeded,manifest_file_number is 32, next_file_number is 34, last_sequence is 35, log_number is 31,prev_log_number is 0,max_column_family is 0,min_log_number_to_keep is 0
2020/05/10-11:57:22.213679 7f6c5409e700 [rsion_set.cc:4577] Column family [default] (ID 0), log number is 31
2020/05/10-11:57:22.213768 7f6c5409e700 EVENT_LOG_v1 {"time_micros": 1589083042213765, "job": 1, "event": "recovery_started", "log_files": [33]}
2020/05/10-11:57:22.213774 7f6c5409e700 [_impl/db_impl_open.cc:761] Recovering log #33 mode 2
2020/05/10-11:57:22.213800 7f6c5409e700 [rsion_set.cc:3826] Creating manifest 35
2020/05/10-11:57:22.231106 7f6c5409e700 EVENT_LOG_v1 {"time_micros": 1589083042231104, "job": 1, "event": "recovery_finished"}
2020/05/10-11:57:22.231236 7f6c5409e700 [DEBUG] [_impl/db_impl_files.cc:273] [JOB 2] Delete db/db3/MANIFEST-000032 type=3 #32 -- OK
2020/05/10-11:57:22.231256 7f6c5409e700 [DEBUG] [_impl/db_impl_files.cc:273] [JOB 2] Delete db/db3/000033.log type=0 #33 -- OK
2020/05/10-11:57:22.242076 7f6c5409e700 DB pointer 0x7f6c4c2f00e0
2020/05/10-11:57:22.242414 7f6bb1ff3700 [_impl/db_impl.cc:849] ------- DUMPING STATS -------
2020/05/10-11:57:22.242453 7f6bb1ff3700 [_impl/db_impl.cc:850] 
** DB Stats **
Uptime(secs): 0.0 total, 0.0 interval
Cumulative writes: 0 writes, 0 keys, 0 commit groups, 0.0 writes per commit group, ingest: 0.00 GB, 0.00 MB/s
Cumulative WAL: 0 writes, 0 syncs, 0.00 writes per sync, written: 0.00 GB, 0.00 MB/s
Cumulative stall: 00:00:0.000 H:M:S, 0.0 percent
Interval writes: 0 writes, 0 keys, 0 commit groups, 0.0 writes per commit group, ingest: 0.00 MB, 0.00 MB/s
Interval WAL: 0 writes, 0 syncs, 0.00 writes per sync, written: 0.00 MB, 0.00 MB/s
Interval stall: 00:00:0.000 H:M:S, 0.0 percent

** Compaction Stats [default] **
Level    Files   Size     Score Read(GB)  Rn(GB) Rnp1(GB) Write(GB) Wnew(GB) Moved(GB) W-Amp Rd(MB/s) Wr(MB/s) Comp(sec) CompMergeCPU(sec) Comp(cnt) Avg(sec) KeyIn KeyDrop
----------------------------------------------------------------------------------------------------------------------------------------------------------------------------
  L0      1/0    1.14 KB   0.2      0.0     0.0      0.0       0.0      0.0       0.0   0.0      0.0      0.0      0.00              0.00         0    0.000       0      0
 Sum      1/0    1.14 KB   0.0      0.0     0.0      0.0       0.0      0.0       0.0   0.0      0.0      0.0      0.00              0.00         0    0.000       0      0
 Int      0/0    0.00 KB   0.0      0.0     0.0      0.0       0.0      0.0       0.0   0.0      0.0      0.0      0.00              0.00         0    0.000       0      0

** Compaction Stats [default] **
Priority    Files   Size     Score Read(GB)  Rn(GB) Rnp1(GB) Write(GB) Wnew(GB) Moved(GB) W-Amp Rd(MB/s) Wr(MB/s) Comp(sec) CompMergeCPU(sec) Comp(cnt) Avg(sec) KeyIn KeyDrop
-------------------------------------------------------------------------------------------------------------------------------------------------------------------------------
Uptime(secs): 0.0 total, 0.0 interval
Flush(GB): cumulative 0.000, interval 0.000
AddFile(GB): cumulative 0.000, interval 0.000
AddFile(Total Files): cumulative 0, interval 0
AddFile(L0 Files): cumulative 0, interval 0
AddFile(Keys): cumulative 0, interval 0
Cumulative compaction: 0.00 GB write, 0.00 MB/s write, 0.00 GB read, 0.00 MB/s read, 0.0 seconds
Interval compaction: 0.00 GB write, 0.00 MB/s write, 0.00 GB read, 0.00 MB/s read, 0.0 seconds
Stalls(count): 0 level0_slowdown, 0 level0_slowdown_with_compaction, 0 level0_numfiles, 0 level0_numfiles_with_compaction, 0 stop for pending_compaction_bytes, 0 slowdown for pending_compaction_bytes, 0 memtable_compaction, 0 memtable_slowdown, interval 0 total count

** File Read Latency Histogram By Level [default] **

** Compaction Stats [default] **
Level    Files   Size     Score Read(GB)  Rn(GB) Rnp1(GB) Write(GB) Wnew(GB) Moved(GB) W-Amp Rd(MB/s) Wr(MB/s) Comp(sec) CompMergeCPU(sec) Comp(cnt) Avg(sec) KeyIn KeyDrop
----------------------------------------------------------------------------------------------------------------------------------------------------------------------------
  L0      1/0    1.14 KB   0.2      0.0     0.0      0.0       0.0      0.0       0.0   0.0      0.0      0.0      0.00              0.00         0    0.000       0      0
 Sum      1/0    1.14 KB   0.0      0.0     0.0      0.0       0.0      0.0       0.0   0.0      0.0      0.0      0.00              0.00         0    0.000       0      0
 Int      0/0    0.00 KB   0.0      0.0     0.0      0.0       0.0      0.0       0.0   0.0      0.0      0.0      0.00              0.00         0    0.000       0      0

** Compaction Stats [default] **
Priority    Files   Size     Score Read(GB)  Rn(GB) Rnp1(GB) Write(GB) Wnew(GB) Moved(GB) W-Amp Rd(MB/s) Wr(MB/s) Comp(sec) CompMergeCPU(sec) Comp(cnt) Avg(sec) KeyIn KeyDrop
-------------------------------------------------------------------------------------------------------------------------------------------------------------------------------
Uptime(secs): 0.0 total, 0.0 interval
Flush(GB): cumulative 0.000, interval 0.000
AddFile(GB): cumulative 0.000, interval 0.000
AddFile(Total Files): cumulative 0, interval 0
AddFile(L0 Files): cumulative 0, interval 0
AddFile(Keys): cumulative 0, interval 0
Cumulative compaction: 0.00 GB write, 0.00 MB/s write, 0.00 GB read, 0.00 MB/s read, 0.0 seconds
Interval compaction: 0.00 GB write, 0.00 MB/s write, 0.00 GB read, 0.00 MB/s read, 0.0 seconds
Stalls(count): 0 level0_slowdown, 0 level0_slowdown_with_compaction, 0 level0_numfiles, 0 level0_numfiles_with_compaction, 0 stop for pending_compaction_bytes, 0 slowdown for pending_compaction_bytes, 0 memtable_compaction, 0 memtable_slowdown, interval 0 total count

** File Read Latency Histogram By Level [default] **
