2020/05/10-11:57:22.107588 7f6c5409e700 RocksDB version: 6.8.0
2020/05/10-11:57:22.107617 7f6c5409e700 Git sha rocksdb_build_git_sha:093ff0b2ce463aef10cbe2b7f7a47764d7c7af9c
2020/05/10-11:57:22.107619 7f6c5409e700 Compile date May  9 2020
2020/05/10-11:57:22.107621 7f6c5409e700 DB SUMMARY
2020/05/10-11:57:22.107653 7f6c5409e700 CURRENT file:  CURRENT
2020/05/10-11:57:22.107655 7f6c5409e700 IDENTITY file:  IDENTITY
2020/05/10-11:57:22.107657 7f6c5409e700 MANIFEST file:  MANIFEST-000032 size: 133 Bytes
2020/05/10-11:57:22.107659 7f6c5409e700 SST files in db/db1 dir, Total Num: 1, files: 000004.sst 
2020/05/10-11:57:22.107660 7f6c5409e700 Write Ahead Log file in db/db1: 000033.log size: 0 ; 
2020/05/10-11:57:22.107662 7f6c5409e700                         Options.error_if_exists: 0
2020/05/10-11:57:22.107663 7f6c5409e700                       Options.create_if_missing: 1
2020/05/10-11:57:22.107664 7f6c5409e700                         Options.paranoid_checks: 1
2020/05/10-11:57:22.107665 7f6c5409e700                                     Options.env: 0x7f6c336463c0
2020/05/10-11:57:22.107666 7f6c5409e700                                      Options.fs: Posix File System
2020/05/10-11:57:22.107667 7f6c5409e700                                Options.info_log: 0x7f6c4c2a49a0
2020/05/10-11:57:22.107667 7f6c5409e700                Options.max_file_opening_threads: 16
2020/05/10-11:57:22.107668 7f6c5409e700                              Options.statistics: (nil)
2020/05/10-11:57:22.107669 7f6c5409e700                               Options.use_fsync: 0
2020/05/10-11:57:22.107670 7f6c5409e700                       Options.max_log_file_size: 0
2020/05/10-11:57:22.107671 7f6c5409e700                  Options.max_manifest_file_size: 1073741824
2020/05/10-11:57:22.107672 7f6c5409e700                   Options.log_file_time_to_roll: 0
2020/05/10-11:57:22.107673 7f6c5409e700                       Options.keep_log_file_num: 1000
2020/05/10-11:57:22.107673 7f6c5409e700                    Options.recycle_log_file_num: 0
2020/05/10-11:57:22.107674 7f6c5409e700                         Options.allow_fallocate: 1
2020/05/10-11:57:22.107675 7f6c5409e700                        Options.allow_mmap_reads: 0
2020/05/10-11:57:22.107676 7f6c5409e700                       Options.allow_mmap_writes: 0
2020/05/10-11:57:22.107677 7f6c5409e700                        Options.use_direct_reads: 0
2020/05/10-11:57:22.107677 7f6c5409e700                        Options.use_direct_io_for_flush_and_compaction: 0
2020/05/10-11:57:22.107678 7f6c5409e700          Options.create_missing_column_families: 0
2020/05/10-11:57:22.107679 7f6c5409e700                              Options.db_log_dir: 
2020/05/10-11:57:22.107680 7f6c5409e700                                 Options.wal_dir: db/db1
2020/05/10-11:57:22.107681 7f6c5409e700                Options.table_cache_numshardbits: 6
2020/05/10-11:57:22.107682 7f6c5409e700                      Options.max_subcompactions: 1
2020/05/10-11:57:22.107682 7f6c5409e700                  Options.max_background_flushes: -1
2020/05/10-11:57:22.107683 7f6c5409e700                         Options.WAL_ttl_seconds: 0
2020/05/10-11:57:22.107684 7f6c5409e700                       Options.WAL_size_limit_MB: 0
2020/05/10-11:57:22.107685 7f6c5409e700                        Options.max_write_batch_group_size_bytes: 1048576
2020/05/10-11:57:22.107686 7f6c5409e700             Options.manifest_preallocation_size: 4194304
2020/05/10-11:57:22.107687 7f6c5409e700                     Options.is_fd_close_on_exec: 1
2020/05/10-11:57:22.107688 7f6c5409e700                   Options.advise_random_on_open: 1
2020/05/10-11:57:22.107688 7f6c5409e700                    Options.db_write_buffer_size: 0
2020/05/10-11:57:22.107689 7f6c5409e700                    Options.write_buffer_manager: 0x7f6c4c17a9b0
2020/05/10-11:57:22.107690 7f6c5409e700         Options.access_hint_on_compaction_start: 1
2020/05/10-11:57:22.107691 7f6c5409e700  Options.new_table_reader_for_compaction_inputs: 0
2020/05/10-11:57:22.107692 7f6c5409e700           Options.random_access_max_buffer_size: 1048576
2020/05/10-11:57:22.107693 7f6c5409e700                      Options.use_adaptive_mutex: 0
2020/05/10-11:57:22.107698 7f6c5409e700                            Options.rate_limiter: (nil)
2020/05/10-11:57:22.107700 7f6c5409e700     Options.sst_file_manager.rate_bytes_per_sec: 0
2020/05/10-11:57:22.107701 7f6c5409e700                       Options.wal_recovery_mode: 2
2020/05/10-11:57:22.107702 7f6c5409e700                  Options.enable_thread_tracking: 0
2020/05/10-11:57:22.107702 7f6c5409e700                  Options.enable_pipelined_write: 0
2020/05/10-11:57:22.107703 7f6c5409e700                  Options.unordered_write: 0
2020/05/10-11:57:22.107704 7f6c5409e700         Options.allow_concurrent_memtable_write: 1
2020/05/10-11:57:22.107705 7f6c5409e700      Options.enable_write_thread_adaptive_yield: 1
2020/05/10-11:57:22.107706 7f6c5409e700             Options.write_thread_max_yield_usec: 100
2020/05/10-11:57:22.107707 7f6c5409e700            Options.write_thread_slow_yield_usec: 3
2020/05/10-11:57:22.107707 7f6c5409e700                               Options.row_cache: None
2020/05/10-11:57:22.107708 7f6c5409e700                              Options.wal_filter: None
2020/05/10-11:57:22.107709 7f6c5409e700             Options.avoid_flush_during_recovery: 0
2020/05/10-11:57:22.107710 7f6c5409e700             Options.allow_ingest_behind: 0
2020/05/10-11:57:22.107711 7f6c5409e700             Options.preserve_deletes: 0
2020/05/10-11:57:22.107711 7f6c5409e700             Options.two_write_queues: 0
2020/05/10-11:57:22.107712 7f6c5409e700             Options.manual_wal_flush: 0
2020/05/10-11:57:22.107713 7f6c5409e700             Options.atomic_flush: 0
2020/05/10-11:57:22.107714 7f6c5409e700             Options.avoid_unnecessary_blocking_io: 0
2020/05/10-11:57:22.107715 7f6c5409e700                 Options.persist_stats_to_disk: 0
2020/05/10-11:57:22.107716 7f6c5409e700                 Options.write_dbid_to_manifest: 0
2020/05/10-11:57:22.107716 7f6c5409e700                 Options.log_readahead_size: 0
2020/05/10-11:57:22.107717 7f6c5409e700                 Options.sst_file_checksum_func: Unknown
2020/05/10-11:57:22.107718 7f6c5409e700             Options.max_background_jobs: 2
2020/05/10-11:57:22.107719 7f6c5409e700             Options.max_background_compactions: -1
2020/05/10-11:57:22.107720 7f6c5409e700             Options.avoid_flush_during_shutdown: 0
2020/05/10-11:57:22.107721 7f6c5409e700           Options.writable_file_max_buffer_size: 1048576
2020/05/10-11:57:22.107722 7f6c5409e700             Options.delayed_write_rate : 16777216
2020/05/10-11:57:22.107723 7f6c5409e700             Options.max_total_wal_size: 0
2020/05/10-11:57:22.107723 7f6c5409e700             Options.delete_obsolete_files_period_micros: 21600000000
2020/05/10-11:57:22.107724 7f6c5409e700                   Options.stats_dump_period_sec: 600
2020/05/10-11:57:22.107725 7f6c5409e700                 Options.stats_persist_period_sec: 600
2020/05/10-11:57:22.107726 7f6c5409e700                 Options.stats_history_buffer_size: 1048576
2020/05/10-11:57:22.107727 7f6c5409e700                          Options.max_open_files: -1
2020/05/10-11:57:22.107728 7f6c5409e700                          Options.bytes_per_sync: 0
2020/05/10-11:57:22.107729 7f6c5409e700                      Options.wal_bytes_per_sync: 0
2020/05/10-11:57:22.107729 7f6c5409e700                   Options.strict_bytes_per_sync: 0
2020/05/10-11:57:22.107730 7f6c5409e700       Options.compaction_readahead_size: 0
2020/05/10-11:57:22.107731 7f6c5409e700 Compression algorithms supported:
2020/05/10-11:57:22.107732 7f6c5409e700 	kZSTDNotFinalCompression supported: 0
2020/05/10-11:57:22.107733 7f6c5409e700 	kZSTD supported: 0
2020/05/10-11:57:22.107734 7f6c5409e700 	kXpressCompression supported: 0
2020/05/10-11:57:22.107735 7f6c5409e700 	kLZ4HCCompression supported: 1
2020/05/10-11:57:22.107736 7f6c5409e700 	kLZ4Compression supported: 1
2020/05/10-11:57:22.107737 7f6c5409e700 	kBZip2Compression supported: 1
2020/05/10-11:57:22.107738 7f6c5409e700 	kZlibCompression supported: 1
2020/05/10-11:57:22.107739 7f6c5409e700 	kSnappyCompression supported: 0
2020/05/10-11:57:22.107744 7f6c5409e700 Fast CRC32 supported: Supported on x86
2020/05/10-11:57:22.107857 7f6c5409e700 [rsion_set.cc:4413] Recovering from manifest file: db/db1/MANIFEST-000032
2020/05/10-11:57:22.107940 7f6c5409e700 [lumn_family.cc:579] --------------- Options for column family [default]:
2020/05/10-11:57:22.107942 7f6c5409e700               Options.comparator: leveldb.BytewiseComparator
2020/05/10-11:57:22.107943 7f6c5409e700           Options.merge_operator: None
2020/05/10-11:57:22.107944 7f6c5409e700        Options.compaction_filter: None
2020/05/10-11:57:22.107945 7f6c5409e700        Options.compaction_filter_factory: None
2020/05/10-11:57:22.107946 7f6c5409e700         Options.memtable_factory: SkipListFactory
2020/05/10-11:57:22.107947 7f6c5409e700            Options.table_factory: BlockBasedTable
2020/05/10-11:57:22.107966 7f6c5409e700            table_factory options:   flush_block_policy_factory: FlushBlockBySizePolicyFactory (0x7f6c4c2a2df0)
  cache_index_and_filter_blocks: 0
  cache_index_and_filter_blocks_with_high_priority: 1
  pin_l0_filter_and_index_blocks_in_cache: 0
  pin_top_level_index_and_filter: 1
  index_type: 0
  data_block_index_type: 0
  index_shortening: 1
  data_block_hash_table_util_ratio: 0.750000
  hash_index_allow_collision: 1
  checksum: 1
  no_block_cache: 0
  block_cache: 0x7f6c4c2a2e40
  block_cache_name: LRUCache
  block_cache_options:
    capacity : 8388608
    num_shard_bits : 4
    strict_capacity_limit : 0
    memory_allocator : None
    high_pri_pool_ratio: 0.000
  block_cache_compressed: (nil)
  persistent_cache: (nil)
  block_size: 4096
  block_size_deviation: 10
  block_restart_interval: 16
  index_block_restart_interval: 1
  metadata_block_size: 4096
  partition_filters: 0
  use_delta_encoding: 1
  filter_policy: nullptr
  whole_key_filtering: 1
  verify_compression: 0
  read_amp_bytes_per_bit: 0
  format_version: 2
  enable_index_compression: 1
  block_align: 0
2020/05/10-11:57:22.107968 7f6c5409e700        Options.write_buffer_size: 67108864
2020/05/10-11:57:22.107969 7f6c5409e700  Options.max_write_buffer_number: 2
2020/05/10-11:57:22.107970 7f6c5409e700          Options.compression: NoCompression
2020/05/10-11:57:22.107971 7f6c5409e700                  Options.bottommost_compression: Disabled
2020/05/10-11:57:22.107972 7f6c5409e700       Options.prefix_extractor: nullptr
2020/05/10-11:57:22.107973 7f6c5409e700   Options.memtable_insert_with_hint_prefix_extractor: nullptr
2020/05/10-11:57:22.107974 7f6c5409e700             Options.num_levels: 7
2020/05/10-11:57:22.107975 7f6c5409e700        Options.min_write_buffer_number_to_merge: 1
2020/05/10-11:57:22.107976 7f6c5409e700     Options.max_write_buffer_number_to_maintain: 0
2020/05/10-11:57:22.107977 7f6c5409e700     Options.max_write_buffer_size_to_maintain: 0
2020/05/10-11:57:22.107977 7f6c5409e700            Options.bottommost_compression_opts.window_bits: -14
2020/05/10-11:57:22.107978 7f6c5409e700                  Options.bottommost_compression_opts.level: 32767
2020/05/10-11:57:22.107979 7f6c5409e700               Options.bottommost_compression_opts.strategy: 0
2020/05/10-11:57:22.107980 7f6c5409e700         Options.bottommost_compression_opts.max_dict_bytes: 0
2020/05/10-11:57:22.107981 7f6c5409e700         Options.bottommost_compression_opts.zstd_max_train_bytes: 0
2020/05/10-11:57:22.107982 7f6c5409e700                  Options.bottommost_compression_opts.enabled: false
2020/05/10-11:57:22.107983 7f6c5409e700            Options.compression_opts.window_bits: -14
2020/05/10-11:57:22.107984 7f6c5409e700                  Options.compression_opts.level: 32767
2020/05/10-11:57:22.107984 7f6c5409e700               Options.compression_opts.strategy: 0
2020/05/10-11:57:22.107985 7f6c5409e700         Options.compression_opts.max_dict_bytes: 0
2020/05/10-11:57:22.107986 7f6c5409e700         Options.compression_opts.zstd_max_train_bytes: 0
2020/05/10-11:57:22.107987 7f6c5409e700                  Options.compression_opts.enabled: false
2020/05/10-11:57:22.107988 7f6c5409e700      Options.level0_file_num_compaction_trigger: 4
2020/05/10-11:57:22.107994 7f6c5409e700          Options.level0_slowdown_writes_trigger: 20
2020/05/10-11:57:22.107995 7f6c5409e700              Options.level0_stop_writes_trigger: 36
2020/05/10-11:57:22.107996 7f6c5409e700                   Options.target_file_size_base: 67108864
2020/05/10-11:57:22.107996 7f6c5409e700             Options.target_file_size_multiplier: 1
2020/05/10-11:57:22.107997 7f6c5409e700                Options.max_bytes_for_level_base: 268435456
2020/05/10-11:57:22.107998 7f6c5409e700 Options.level_compaction_dynamic_level_bytes: 0
2020/05/10-11:57:22.107999 7f6c5409e700          Options.max_bytes_for_level_multiplier: 10.000000
2020/05/10-11:57:22.108001 7f6c5409e700 Options.max_bytes_for_level_multiplier_addtl[0]: 1
2020/05/10-11:57:22.108002 7f6c5409e700 Options.max_bytes_for_level_multiplier_addtl[1]: 1
2020/05/10-11:57:22.108002 7f6c5409e700 Options.max_bytes_for_level_multiplier_addtl[2]: 1
2020/05/10-11:57:22.108003 7f6c5409e700 Options.max_bytes_for_level_multiplier_addtl[3]: 1
2020/05/10-11:57:22.108004 7f6c5409e700 Options.max_bytes_for_level_multiplier_addtl[4]: 1
2020/05/10-11:57:22.108005 7f6c5409e700 Options.max_bytes_for_level_multiplier_addtl[5]: 1
2020/05/10-11:57:22.108006 7f6c5409e700 Options.max_bytes_for_level_multiplier_addtl[6]: 1
2020/05/10-11:57:22.108007 7f6c5409e700       Options.max_sequential_skip_in_iterations: 8
2020/05/10-11:57:22.108007 7f6c5409e700                    Options.max_compaction_bytes: 1677721600
2020/05/10-11:57:22.108008 7f6c5409e700                        Options.arena_block_size: 8388608
2020/05/10-11:57:22.108009 7f6c5409e700   Options.soft_pending_compaction_bytes_limit: 68719476736
2020/05/10-11:57:22.108010 7f6c5409e700   Options.hard_pending_compaction_bytes_limit: 274877906944
2020/05/10-11:57:22.108011 7f6c5409e700       Options.rate_limit_delay_max_milliseconds: 100
2020/05/10-11:57:22.108012 7f6c5409e700                Options.disable_auto_compactions: 0
2020/05/10-11:57:22.108013 7f6c5409e700                        Options.compaction_style: kCompactionStyleLevel
2020/05/10-11:57:22.108014 7f6c5409e700                          Options.compaction_pri: kMinOverlappingRatio
2020/05/10-11:57:22.108015 7f6c5409e700 Options.compaction_options_universal.size_ratio: 1
2020/05/10-11:57:22.108016 7f6c5409e700 Options.compaction_options_universal.min_merge_width: 2
2020/05/10-11:57:22.108016 7f6c5409e700 Options.compaction_options_universal.max_merge_width: 4294967295
2020/05/10-11:57:22.108017 7f6c5409e700 Options.compaction_options_universal.max_size_amplification_percent: 200
2020/05/10-11:57:22.108018 7f6c5409e700 Options.compaction_options_universal.compression_size_percent: -1
2020/05/10-11:57:22.108019 7f6c5409e700 Options.compaction_options_universal.stop_style: kCompactionStopStyleTotalSize
2020/05/10-11:57:22.108020 7f6c5409e700 Options.compaction_options_fifo.max_table_files_size: 1073741824
2020/05/10-11:57:22.108021 7f6c5409e700 Options.compaction_options_fifo.allow_compaction: 0
2020/05/10-11:57:22.108022 7f6c5409e700                   Options.table_properties_collectors: 
2020/05/10-11:57:22.108022 7f6c5409e700                   Options.inplace_update_support: 0
2020/05/10-11:57:22.108023 7f6c5409e700                 Options.inplace_update_num_locks: 10000
2020/05/10-11:57:22.108024 7f6c5409e700               Options.memtable_prefix_bloom_size_ratio: 0.000000
2020/05/10-11:57:22.108025 7f6c5409e700               Options.memtable_whole_key_filtering: 0
2020/05/10-11:57:22.108026 7f6c5409e700   Options.memtable_huge_page_size: 0
2020/05/10-11:57:22.108027 7f6c5409e700                           Options.bloom_locality: 0
2020/05/10-11:57:22.108027 7f6c5409e700                    Options.max_successive_merges: 0
2020/05/10-11:57:22.108028 7f6c5409e700                Options.optimize_filters_for_hits: 0
2020/05/10-11:57:22.108029 7f6c5409e700                Options.paranoid_file_checks: 0
2020/05/10-11:57:22.108030 7f6c5409e700                Options.force_consistency_checks: 0
2020/05/10-11:57:22.108031 7f6c5409e700                Options.report_bg_io_stats: 0
2020/05/10-11:57:22.108035 7f6c5409e700                               Options.ttl: 2592000
2020/05/10-11:57:22.108036 7f6c5409e700          Options.periodic_compaction_seconds: 0
2020/05/10-11:57:22.108473 7f6c5409e700 [rsion_set.cc:4568] Recovered from manifest file:db/db1/MANIFEST-000032 succeeded,manifest_file_number is 32, next_file_number is 34, last_sequence is 2544, log_number is 31,prev_log_number is 0,max_column_family is 0,min_log_number_to_keep is 0
2020/05/10-11:57:22.108477 7f6c5409e700 [rsion_set.cc:4577] Column family [default] (ID 0), log number is 31
2020/05/10-11:57:22.108547 7f6c5409e700 EVENT_LOG_v1 {"time_micros": 1589083042108541, "job": 1, "event": "recovery_started", "log_files": [33]}
2020/05/10-11:57:22.108551 7f6c5409e700 [_impl/db_impl_open.cc:761] Recovering log #33 mode 2
2020/05/10-11:57:22.108576 7f6c5409e700 [rsion_set.cc:3826] Creating manifest 35
2020/05/10-11:57:22.171202 7f6c5409e700 EVENT_LOG_v1 {"time_micros": 1589083042171199, "job": 1, "event": "recovery_finished"}
2020/05/10-11:57:22.171392 7f6c5409e700 [DEBUG] [_impl/db_impl_files.cc:273] [JOB 2] Delete db/db1/MANIFEST-000032 type=3 #32 -- OK
2020/05/10-11:57:22.171421 7f6c5409e700 [DEBUG] [_impl/db_impl_files.cc:273] [JOB 2] Delete db/db1/000033.log type=0 #33 -- OK
2020/05/10-11:57:22.182492 7f6c5409e700 DB pointer 0x7f6c4c2a4e00
2020/05/10-11:57:22.182769 7f6bc4ff9700 [_impl/db_impl.cc:849] ------- DUMPING STATS -------
2020/05/10-11:57:22.182804 7f6bc4ff9700 [_impl/db_impl.cc:850] 
** DB Stats **
Uptime(secs): 0.1 total, 0.1 interval
Cumulative writes: 0 writes, 0 keys, 0 commit groups, 0.0 writes per commit group, ingest: 0.00 GB, 0.00 MB/s
Cumulative WAL: 0 writes, 0 syncs, 0.00 writes per sync, written: 0.00 GB, 0.00 MB/s
Cumulative stall: 00:00:0.000 H:M:S, 0.0 percent
Interval writes: 0 writes, 0 keys, 0 commit groups, 0.0 writes per commit group, ingest: 0.00 MB, 0.00 MB/s
Interval WAL: 0 writes, 0 syncs, 0.00 writes per sync, written: 0.00 MB, 0.00 MB/s
Interval stall: 00:00:0.000 H:M:S, 0.0 percent

** Compaction Stats [default] **
Level    Files   Size     Score Read(GB)  Rn(GB) Rnp1(GB) Write(GB) Wnew(GB) Moved(GB) W-Amp Rd(MB/s) Wr(MB/s) Comp(sec) CompMergeCPU(sec) Comp(cnt) Avg(sec) KeyIn KeyDrop
----------------------------------------------------------------------------------------------------------------------------------------------------------------------------
  L0      1/0   144.27 KB   0.2      0.0     0.0      0.0       0.0      0.0       0.0   0.0      0.0      0.0      0.00              0.00         0    0.000       0      0
 Sum      1/0   144.27 KB   0.0      0.0     0.0      0.0       0.0      0.0       0.0   0.0      0.0      0.0      0.00              0.00         0    0.000       0      0
 Int      0/0    0.00 KB   0.0      0.0     0.0      0.0       0.0      0.0       0.0   0.0      0.0      0.0      0.00              0.00         0    0.000       0      0

** Compaction Stats [default] **
Priority    Files   Size     Score Read(GB)  Rn(GB) Rnp1(GB) Write(GB) Wnew(GB) Moved(GB) W-Amp Rd(MB/s) Wr(MB/s) Comp(sec) CompMergeCPU(sec) Comp(cnt) Avg(sec) KeyIn KeyDrop
-------------------------------------------------------------------------------------------------------------------------------------------------------------------------------
Uptime(secs): 0.1 total, 0.1 interval
Flush(GB): cumulative 0.000, interval 0.000
AddFile(GB): cumulative 0.000, interval 0.000
AddFile(Total Files): cumulative 0, interval 0
AddFile(L0 Files): cumulative 0, interval 0
AddFile(Keys): cumulative 0, interval 0
Cumulative compaction: 0.00 GB write, 0.00 MB/s write, 0.00 GB read, 0.00 MB/s read, 0.0 seconds
Interval compaction: 0.00 GB write, 0.00 MB/s write, 0.00 GB read, 0.00 MB/s read, 0.0 seconds
Stalls(count): 0 level0_slowdown, 0 level0_slowdown_with_compaction, 0 level0_numfiles, 0 level0_numfiles_with_compaction, 0 stop for pending_compaction_bytes, 0 slowdown for pending_compaction_bytes, 0 memtable_compaction, 0 memtable_slowdown, interval 0 total count

** File Read Latency Histogram By Level [default] **

** Compaction Stats [default] **
Level    Files   Size     Score Read(GB)  Rn(GB) Rnp1(GB) Write(GB) Wnew(GB) Moved(GB) W-Amp Rd(MB/s) Wr(MB/s) Comp(sec) CompMergeCPU(sec) Comp(cnt) Avg(sec) KeyIn KeyDrop
----------------------------------------------------------------------------------------------------------------------------------------------------------------------------
  L0      1/0   144.27 KB   0.2      0.0     0.0      0.0       0.0      0.0       0.0   0.0      0.0      0.0      0.00              0.00         0    0.000       0      0
 Sum      1/0   144.27 KB   0.0      0.0     0.0      0.0       0.0      0.0       0.0   0.0      0.0      0.0      0.00              0.00         0    0.000       0      0
 Int      0/0    0.00 KB   0.0      0.0     0.0      0.0       0.0      0.0       0.0   0.0      0.0      0.0      0.00              0.00         0    0.000       0      0

** Compaction Stats [default] **
Priority    Files   Size     Score Read(GB)  Rn(GB) Rnp1(GB) Write(GB) Wnew(GB) Moved(GB) W-Amp Rd(MB/s) Wr(MB/s) Comp(sec) CompMergeCPU(sec) Comp(cnt) Avg(sec) KeyIn KeyDrop
-------------------------------------------------------------------------------------------------------------------------------------------------------------------------------
Uptime(secs): 0.1 total, 0.0 interval
Flush(GB): cumulative 0.000, interval 0.000
AddFile(GB): cumulative 0.000, interval 0.000
AddFile(Total Files): cumulative 0, interval 0
AddFile(L0 Files): cumulative 0, interval 0
AddFile(Keys): cumulative 0, interval 0
Cumulative compaction: 0.00 GB write, 0.00 MB/s write, 0.00 GB read, 0.00 MB/s read, 0.0 seconds
Interval compaction: 0.00 GB write, 0.00 MB/s write, 0.00 GB read, 0.00 MB/s read, 0.0 seconds
Stalls(count): 0 level0_slowdown, 0 level0_slowdown_with_compaction, 0 level0_numfiles, 0 level0_numfiles_with_compaction, 0 stop for pending_compaction_bytes, 0 slowdown for pending_compaction_bytes, 0 memtable_compaction, 0 memtable_slowdown, interval 0 total count

** File Read Latency Histogram By Level [default] **
